#ndata= 237
#dataset= 1 ; 1 F0712-32_170
#desig= 072514-2748.0
#cra=    7.420522  07:25:13.9
#cdec= -27.799169 -27:47:57.0
#class= 0
#cmag_0= 13.604
#cmer_0=  0.196
#nskip_0= 0
#cmag_1= 13.719
#cmer_1=  0.242
#nskip_1= 0
#cmag_2= 13.898
#cmer_2=  0.318
#nskip_2= 1
#cmag_3= 14.072
#cmer_3=  0.440
#nskip_3= 0
#cmag_4= 13.956
#cmer_4=  0.460
#nskip_4= 3
#ra=    7.420522  07:25:13.9
#dec= -27.799169 -27:47:57.0
#     HJD      MAG_0  MAG_1  MAG_2  MAG_3  MAG_4    MER_0 MER_1 MER_2 MER_3 MER_4 GRADE FRAME
   1869.76642 13.494 13.571 13.786 13.983 13.715    0.052 0.027 0.025 0.029 0.032  A 299
   1870.82125 13.302 13.355 13.405 13.368 13.135    0.047 0.024 0.024 0.028 0.032  A 470
   1872.82168 13.618 13.698 13.874 14.088 13.787    0.047 0.026 0.025 0.029 0.032  A 761
   1874.82169 13.669 13.721 13.797 13.893 14.245    0.053 0.027 0.026 0.031 0.035  A 1085
   1875.77703 13.620 13.760 13.947 14.154 13.906    0.055 0.027 0.024 0.029 0.032  A 1226
   1876.79246 13.432 13.457 13.525 13.558 13.508    0.037 0.023 0.022 0.026 0.030  A 1394
   1877.77541 13.635 13.751 13.820 13.877 13.878    0.034 0.024 0.022 0.026 0.028  A 1544
   1879.76947 13.774 13.962 14.446 15.379 15.359    0.038 0.024 0.022 0.026 0.029  A 1857
   1881.75079 13.305 13.362 13.427 13.395 13.294    0.037 0.024 0.023 0.027 0.031  A 2163
   1884.73030 13.604 13.759 13.954 14.120 14.110    0.031 0.023 0.022 0.027 0.030  A 2302
   1885.73343 13.502 13.540 13.595 13.670 13.595    0.033 0.027 0.024 0.027 0.031  A 2464
   1886.74033 13.495 13.615 13.759 13.822 13.769    0.030 0.023 0.022 0.026 0.029  A 2627
   1887.73301 13.505 13.466 13.532 13.511 13.395    0.040 0.025 0.024 0.029 0.032  A 2783
   1888.72798 13.727 13.918 14.214 14.581 14.305    0.047 0.026 0.027 0.031 0.035  A 2941
   1902.69309 13.672 13.763 13.972 14.206 13.781    0.033 0.024 0.021 0.025 0.029  A 3532
   1904.68815 13.547 13.668 13.993 14.447 14.583    0.042 0.024 0.024 0.028 0.032  A 3849
   1905.69713 13.738 13.831 14.010 14.126 14.134    0.033 0.024 0.022 0.025 0.029  A 4015
   1906.69047 13.876 14.182 14.370 14.413 14.447    0.027 0.023 0.020 0.024 0.027  A 4174
   1907.69525 29.999 29.999 29.999 29.999 29.999    0.031 0.026 0.022 0.026 0.029  C 4336
   1908.68751 13.517 13.487 13.516 13.534 13.483    0.030 0.025 0.021 0.025 0.028  A 4494
   1913.66652 13.808 13.772 13.806 14.111 14.119    0.029 0.025 0.023 0.027 0.030  A 4622
   1914.68034 13.402 13.506 13.605 13.658 13.562    0.028 0.024 0.022 0.026 0.030  A 4787
   1915.67990 13.501 13.547 13.636 13.741 13.820    0.034 0.024 0.022 0.026 0.030  A 4945
   1919.67056 13.497 13.683 13.777 13.778 13.643    0.039 0.028 0.027 0.032 0.036  A 5316
   1920.67005 13.475 13.676 13.754 13.799 13.708    0.030 0.026 0.024 0.029 0.033  A 5476
   1921.66554 13.545 13.597 13.832 13.979 14.028    0.031 0.027 0.024 0.028 0.032  A 5633
   1923.66027 13.879 13.820 13.886 14.003 13.920    0.030 0.025 0.022 0.027 0.030  A 5947
   1924.65761 29.999 29.999 29.999 29.999 29.999    0.035 0.028 0.027 0.032 0.036  C 6115
   1925.65614 13.678 13.830 13.951 13.929 13.703    0.032 0.025 0.023 0.026 0.030  A 6283
   1929.64945 13.924 14.164 14.464 14.831 14.668    0.032 0.026 0.022 0.026 0.030  A 6930
   1930.64528 29.999 29.999 29.999 29.999 29.999    0.032 0.028 0.023 0.025 0.029  C 7095
   1931.64255 13.598 13.673 13.729 13.872 13.696    0.035 0.032 0.029 0.034 0.039  A 7263
   1932.63735 13.723 13.728 13.798 13.895 13.930    0.032 0.029 0.022 0.025 0.028  A 7425
   1933.63679 13.754 13.974 14.436 14.833 15.102    0.031 0.028 0.023 0.025 0.029  A 7590
   1935.58365 13.682 13.815 14.052 14.400 14.108    0.028 0.024 0.021 0.025 0.028  A 7886
   1937.61857 13.446 13.519 13.749 13.996 13.931    0.035 0.031 0.024 0.026 0.030  A 8135
   1938.63780 29.999 29.999 29.999 29.999 29.999    0.034 0.032 0.024 0.026 0.029  C 8260
   1940.62309 13.664 13.898 14.203 14.473 14.112    0.034 0.031 0.023 0.025 0.029  A 8501
   1945.61330 29.999 29.999 29.999 29.999 29.999    0.035 0.033 0.026 0.030 0.034  C 8672
   1946.62349 29.999 29.999 29.999 29.999 29.999    0.034 0.030 0.025 0.029 0.034  C 8794
   1948.57608 13.482 13.505 13.809 14.200 14.247    0.033 0.031 0.027 0.032 0.036  A 9028
   1950.57466 13.620 13.855 14.042 14.185 14.171    0.034 0.031 0.025 0.027 0.031  A 9337
   1953.59518 29.999 29.999 29.999 29.999 29.999    0.041 0.037 0.029 0.032 0.033  C 9652
   1958.57645 29.999 29.999 29.999 29.999 29.999    0.044 0.040 0.031 0.034 0.035  C 10175
   1959.59068 29.999 29.999 29.999 29.999 29.999    0.047 0.042 0.032 0.036 0.036  C 10381
   1961.58232 29.999 29.999 29.999 29.999 29.999    0.049 0.042 0.033 0.037 0.036  C 10454
   1963.56314 29.999 29.999 29.999 29.999 29.999    0.052 0.045 0.037 0.040 0.039  C 10779
   1965.55416 13.125 13.195 13.355 13.460 13.402    0.047 0.040 0.031 0.034 0.036  A 11140
   1967.55334 29.999 29.999 29.999 29.999 29.999    0.051 0.045 0.035 0.040 0.039  C 11492
   1977.55093 29.999 29.999 29.999 29.999 29.999    0.065 0.056 0.046 0.052 0.051  C 11921
   1979.61191 29.999 29.999 29.999 29.999 29.999    0.068 0.057 0.046 0.051 0.051  C 12216
   1981.58870 29.999 29.999 29.999 29.999 29.999    0.061 0.051 0.043 0.047 0.046  C 12541
   1984.51789 29.999 29.999 29.999 29.999 29.999    0.064 0.055 0.044 0.047 0.046  C 12912
   1994.49060 29.999 29.999 29.999 29.999 29.999    0.076 0.063 0.051 0.055 0.056  C 13385
   2026.51337 13.270 13.322 13.387 13.504 13.284    0.036 0.024 0.023 0.027 0.031  A 17355
   2031.50805 13.548 13.792 14.199 14.747 14.536    0.045 0.026 0.026 0.032 0.034  A 17968
   2058.45389 13.749 13.805 14.028 14.305 14.171    0.047 0.042 0.032 0.033 0.034  A 21076
   2129.91924 13.479 13.523 13.541 13.529 13.312    0.061 0.033 0.031 0.036 0.040  A 28279
   2131.92068 13.667 13.825 13.967 14.255 14.087    0.065 0.035 0.033 0.037 0.040  A 28696
   2133.91914 13.759 13.918 14.415 15.224 15.055    0.046 0.034 0.030 0.034 0.039  A 29124
   2135.92026 29.999 29.999 29.999 29.999 29.999    0.054 0.036 0.037 0.043 0.049  C 29551
   2496.92380 29.999 29.999 29.999 29.999 29.999    0.054 0.048 0.042 0.046 0.048  C 15138
   2498.92416 29.999 29.999 29.999 29.999 29.999    0.054 0.049 0.045 0.052 0.057  C 15564
   2502.91963 29.999 29.999 29.999 29.999 29.999    0.053 0.045 0.036 0.039 0.038  C 16347
   2545.82770 13.540 13.621 13.788 13.844 13.813    0.041 0.039 0.033 0.037 0.041  A 20255
   2556.85877 29.999 29.999 29.999 29.999 29.999    0.077 0.065 0.052 0.054 0.054  C 21787
   2558.83229 29.999 29.999 29.999 29.999 29.999    0.041 0.038 0.030 0.032 0.032  C 22131
   2560.82008 13.795 13.951 14.171 14.350 14.252    0.026 0.027 0.024 0.026 0.029  A 22485
   2562.82216 13.550 13.733 13.939 14.057 13.915    0.024 0.018 0.019 0.022 0.025  A 22814
   2564.82082 29.999 29.999 29.999 29.999 29.999    0.030 0.034 0.031 0.036 0.041  C 23172
   2566.81810 29.999 29.999 29.999 29.999 29.999    0.045 0.048 0.047 0.053 0.058  C 23528
   2574.77743 29.999 29.999 29.999 29.999 29.999    0.060 0.049 0.043 0.049 0.049  C 24408
   2577.76625 13.482 13.546 13.547 13.576 13.654    0.029 0.032 0.026 0.030 0.032  A 24832
   2621.77819 13.660 13.884 14.128 14.239 13.941    0.023 0.022 0.023 0.027 0.029  A 29860
   2623.72812 13.535 13.699 13.863 13.944 13.943    0.026 0.030 0.022 0.025 0.027  A 30170
   2625.71831 29.999 29.999 29.999 29.999 29.999    0.025 0.024 0.022 0.025 0.028  C 30448
   2628.70224 29.999 29.999 29.999 29.999 29.999    0.038 0.038 0.039 0.048 0.055  C 30747
   2631.82780 29.999 29.999 29.999 29.999 29.999    0.067 0.064 0.048 0.054 0.047  C 31660
   2635.68148 13.500 13.633 13.759 13.792 13.608    0.025 0.027 0.023 0.024 0.027  A 32245
   2639.69460 13.463 13.657 14.026 14.471 14.786    0.032 0.033 0.026 0.030 0.031  A 32850
   2641.69506 13.782 13.935 14.104 14.295 14.098    0.030 0.027 0.023 0.026 0.028  A 33133
   2643.70460 13.673 13.779 13.835 13.830 13.668    0.031 0.027 0.022 0.023 0.025  A 33448
   2645.68880 13.386 13.500 13.556 13.649 13.544    0.034 0.027 0.022 0.022 0.025  A 33739
   2647.67848 29.999 29.999 29.999 29.999 29.999    0.034 0.043 0.040 0.048 0.051  C 34031
   2650.65494 13.487 13.583 13.803 14.002 13.758    0.024 0.029 0.024 0.029 0.031  A 34287
   2652.66810 13.603 13.680 13.780 13.642 13.518    0.028 0.024 0.025 0.030 0.032  A 34598
   2654.66711 13.423 13.570 13.753 13.817 13.565    0.029 0.023 0.022 0.025 0.027  A 34907
   2657.70051 29.999 29.999 29.999 29.999 29.999    0.026 0.026 0.023 0.027 0.032  C 35452
   2659.71917 13.820 13.942 14.112 14.307 14.056    0.028 0.025 0.024 0.027 0.030  A 35802
   2661.71636 13.545 13.698 13.958 14.224 13.984    0.034 0.031 0.023 0.027 0.030  A 36143
   2663.71273 13.543 13.564 13.696 13.857 13.887    0.027 0.023 0.021 0.024 0.026  A 36480
   2665.70559 99.999 99.999 99.999 99.999 99.999    0.030 0.031 0.023 0.027 0.030  C 36828
   2667.70506 13.376 13.478 13.620 13.690 13.593    0.032 0.034 0.026 0.029 0.031  A 37132
   2669.69446 13.648 13.769 14.018 14.193 13.820    0.023 0.023 0.022 0.025 0.028  A 37454
   2671.69353 13.752 13.851 14.007 14.298 14.349    0.031 0.026 0.022 0.026 0.028  A 37783
   2673.68805 13.399 13.490 13.647 13.690 13.453    0.029 0.027 0.023 0.026 0.029  A 38118
   2675.67582 13.814 13.920 14.216 14.684 14.643    0.028 0.030 0.023 0.025 0.028  A 38472
   2677.65768 29.999 29.999 29.999 29.999 29.999    0.026 0.023 0.020 0.023 0.025  C 38811
   2679.63388 13.683 13.807 13.942 14.007 13.833    0.035 0.029 0.028 0.033 0.036  A 39132
   2680.80218 13.495 13.574 13.776 13.987 13.957    0.027 0.025 0.025 0.028 0.031  A 39375
   2683.76907 13.666 13.948 14.221 14.326 14.292    0.028 0.026 0.023 0.027 0.030  A 39871
   2689.64485 13.250 13.402 13.589 13.683 13.559    0.031 0.028 0.024 0.027 0.031  A 40911
   2690.76825 13.304 13.443 13.696 13.896 14.123    0.036 0.033 0.040 0.045 0.050  A 41148
   2693.52583 13.576 13.596 13.755 13.913 13.860    0.034 0.030 0.022 0.023 0.025  A 41534
   2695.56673 13.379 13.366 13.495 13.639 13.534    0.029 0.030 0.025 0.030 0.034  A 41920
   2697.56729 13.655 13.663 13.796 13.912 13.671    0.026 0.021 0.022 0.025 0.028  A 42250
   2699.56823 13.618 13.686 13.723 13.720 13.704    0.024 0.022 0.021 0.025 0.028  A 42671
   2701.56620 13.383 13.479 13.636 13.831 13.566    0.025 0.021 0.020 0.023 0.025  A 43054
   2703.55926 13.543 13.681 13.714 13.788 13.603    0.026 0.020 0.020 0.023 0.026  A 43434
   2705.55131 13.530 13.562 13.586 13.640 13.509    0.023 0.021 0.020 0.022 0.024  A 43805
   2707.54937 13.651 13.815 14.125 14.439 14.032    0.029 0.019 0.019 0.022 0.024  A 44170
   2709.54986 13.723 13.755 13.901 14.116 14.028    0.023 0.021 0.020 0.024 0.026  A 44534
   2711.55659 13.448 13.600 13.676 13.663 13.473    0.027 0.020 0.021 0.024 0.027  A 44910
   2713.56871 13.469 13.639 13.875 13.961 13.783    0.029 0.022 0.022 0.026 0.029  A 45289
   2715.56401 13.663 13.835 14.064 14.295 14.418    0.027 0.023 0.023 0.027 0.030  A 45662
   2718.55451 13.315 13.296 13.428 13.570 13.397    0.035 0.024 0.023 0.027 0.029  A 46017
   2720.65025 13.386 13.561 13.875 14.291 14.487    0.028 0.023 0.024 0.028 0.032  A 46299
   2722.60879 13.489 13.532 13.644 13.716 13.447    0.036 0.024 0.023 0.027 0.030  A 46669
   2724.60673 13.620 13.872 14.021 14.026 13.709    0.026 0.021 0.021 0.024 0.026  A 47050
   2726.60505 13.848 13.918 14.056 14.203 14.076    0.023 0.024 0.023 0.027 0.029  A 47449
   2728.59625 13.734 13.663 13.639 13.605 13.413    0.033 0.024 0.023 0.026 0.029  A 47840
   2730.59217 13.493 13.582 13.689 13.798 13.677    0.032 0.025 0.025 0.030 0.034  A 48247
   2733.63851 13.454 13.557 13.776 14.056 13.902    0.027 0.023 0.023 0.027 0.030  A 48621
   2735.63417 13.454 13.608 13.816 13.969 13.943    0.025 0.023 0.023 0.026 0.028  A 49025
   2737.62132 13.841 13.970 14.241 14.651 14.418    0.025 0.024 0.023 0.027 0.030  A 49416
   2739.61107 13.526 13.613 13.773 14.032 13.838    0.032 0.026 0.027 0.030 0.033  A 49747
   2741.58117 13.501 13.651 13.897 14.203 14.152    0.036 0.027 0.026 0.030 0.032  A 50128
   2743.58872 13.802 13.869 13.924 14.051 13.930    0.032 0.027 0.027 0.031 0.035  A 50533
   2745.59631 12.923 13.025 13.051 13.238 13.711    0.037 0.038 0.042 0.053 0.062  A 50913
   2752.53727 13.381 13.402 13.464 13.474 13.295    0.031 0.028 0.023 0.026 0.029  A 51982
   2755.53281 13.481 13.662 13.854 13.976 13.697    0.031 0.035 0.025 0.029 0.032  A 52415
   2757.52962 13.356 13.531 13.669 13.793 13.740    0.034 0.030 0.024 0.026 0.029  A 52830
   2759.56392 29.999 29.999 29.999 29.999 29.999    0.053 0.059 0.067 0.083 0.096  D 53188
   2761.53968 13.490 13.611 13.801 13.887 13.640    0.028 0.030 0.023 0.025 0.028  A 53589
   2763.53608 13.441 13.500 13.552 13.605 13.451    0.029 0.027 0.024 0.026 0.028  A 53983
   2766.52848 13.506 13.515 13.584 13.641 13.496    0.030 0.026 0.024 0.028 0.030  A 54479
   2770.52957 13.757 14.005 14.468 14.975 14.829    0.036 0.030 0.025 0.029 0.031  A 54811
   2776.47541 13.573 13.611 13.721 13.685 13.480    0.037 0.033 0.026 0.030 0.033  A 55240
   2783.47769 13.512 13.572 13.699 13.880 13.861    0.027 0.024 0.021 0.024 0.027  A 55868
   2785.48397 13.437 13.503 13.679 13.812 13.617    0.034 0.025 0.022 0.026 0.028  A 56292
   2787.48379 13.849 13.960 14.100 14.417 14.279    0.035 0.026 0.022 0.026 0.029  A 56730
   2791.47636 13.593 13.812 14.146 14.299 13.863    0.033 0.027 0.028 0.033 0.037  A 57484
   2794.47053 13.706 13.929 14.135 14.091 14.000    0.040 0.039 0.028 0.029 0.031  A 57997
   2797.47023 29.999 29.999 29.999 29.999 29.999    0.040 0.037 0.042 0.050 0.058  C 58555
   2860.92218 13.950 14.089 14.491 14.728 14.936    0.026 0.027 0.022 0.026 0.029  A 66873
   2877.91624 13.546 13.649 13.760 13.989 14.032    0.031 0.031 0.030 0.035 0.040  A 69067
   2893.87129 29.999 29.999 29.999 29.999 29.999    0.031 0.031 0.031 0.036 0.041  C 70976
   2896.86130 13.895 14.101 14.547 15.199 15.723    0.026 0.027 0.025 0.030 0.034  A 71568
   2905.86926 13.599 13.651 13.832 14.063 14.256    0.029 0.041 0.036 0.043 0.045  A 73081
   2908.87282 13.788 13.773 13.951 14.047 14.014    0.031 0.042 0.033 0.041 0.042  A 73513
   2911.84802 13.511 13.522 13.655 13.804 13.781    0.026 0.026 0.023 0.027 0.031  A 74005
   2915.88419 29.999 29.999 29.999 29.999 29.999    0.029 0.033 0.028 0.032 0.035  C 74493
   2918.82825 29.999 29.999 29.999 29.999 29.999    0.043 0.049 0.057 0.071 0.086  D 74969
   2922.80464 29.999 29.999 29.999 29.999 29.999    0.029 0.030 0.029 0.034 0.040  C 75341
   2924.85765 13.583 13.600 13.813 14.114 14.217    0.028 0.032 0.028 0.033 0.036  A 75722
   2927.82409 29.999 29.999 29.999 29.999 29.999    0.025 0.028 0.024 0.029 0.032  C 76084
   2929.83840 29.999 29.999 29.999 29.999 29.999    0.036 0.038 0.039 0.048 0.054  C 76446
   2932.84257 13.371 13.438 13.503 13.480 13.399    0.027 0.028 0.023 0.027 0.029  A 76983
   2935.82794 29.999 29.999 29.999 29.999 29.999    0.025 0.030 0.025 0.029 0.032  C 77517
   2940.75401 13.894 14.054 14.252 14.282 13.924    0.027 0.028 0.024 0.028 0.031  A 78053
   2942.80373 13.786 13.842 13.860 13.947 13.945    0.027 0.035 0.029 0.033 0.037  A 78271
   2944.79300 29.999 29.999 29.999 29.999 29.999    0.041 0.059 0.048 0.054 0.061  C 78593
   2947.79317 13.516 13.513 13.654 13.813 13.626    0.028 0.028 0.025 0.030 0.033  A 79072
   2950.75213 13.961 13.960 14.243 14.640 14.504    0.027 0.028 0.028 0.034 0.039  A 79491
   2953.76661 29.999 29.999 29.999 29.999 29.999    0.053 0.057 0.066 0.083 0.097  D 79883
   2962.77574 13.540 13.609 13.741 13.831 13.599    0.027 0.028 0.027 0.033 0.039  A 81112
   2965.77363 13.424 13.450 13.464 13.503 13.396    0.028 0.028 0.028 0.034 0.039  A 81539
   2968.76499 14.119 14.354 14.523 14.854 15.001    0.029 0.026 0.026 0.031 0.035  A 81956
   2971.75971 99.999 99.999 99.999 99.999 99.999    0.029 0.023 0.022 0.026 0.029  C 82294
   2974.74785 13.826 13.997 14.246 14.610 14.667    0.026 0.026 0.025 0.030 0.035  A 82617
   2980.76307 13.745 13.754 13.851 13.944 13.875    0.034 0.027 0.025 0.029 0.033  A 83426
   2982.77064 13.699 13.879 14.206 14.416 14.099    0.031 0.034 0.037 0.045 0.053  A 83700
   2985.71779 29.999 29.999 29.999 29.999 29.999    0.025 0.026 0.025 0.030 0.034  C 84067
   2987.77139 13.512 13.625 13.841 14.012 14.186    0.026 0.033 0.025 0.028 0.033  A 84356
   2990.71239 13.668 13.992 14.238 14.363 14.385    0.025 0.025 0.023 0.027 0.030  A 84671
   2992.75540 13.660 13.659 13.733 13.809 13.748    0.026 0.026 0.022 0.026 0.028  A 84964
   2995.68722 13.746 13.920 14.116 14.264 14.265    0.027 0.026 0.024 0.028 0.032  A 85328
   3000.74833 13.339 13.425 13.617 13.913 14.115    0.031 0.027 0.026 0.030 0.034  A 85897
   3007.65416 14.086 14.416 14.788 15.129 15.067    0.027 0.025 0.025 0.029 0.033  A 86727
   3009.71192 13.509 13.576 13.898 14.316 14.225    0.027 0.030 0.028 0.034 0.040  A 87000
   3011.71045 29.999 29.999 29.999 29.999 29.999    0.041 0.037 0.041 0.046 0.051  C 87275
   3013.75566 13.595 13.925 14.192 14.466 14.344    0.027 0.026 0.027 0.032 0.036  A 87558
   3016.73296 13.375 13.536 13.679 13.687 13.592    0.027 0.025 0.025 0.029 0.033  A 87779
   3018.73109 29.999 29.999 29.999 29.999 29.999    0.027 0.027 0.027 0.032 0.036  C 88050
   3023.67343 13.990 14.348 14.806 15.584 16.402    0.024 0.028 0.023 0.028 0.032  A 88309
   3025.79374 13.883 13.976 14.167 14.455 14.278    0.027 0.024 0.024 0.029 0.033  A 88483
   3034.64584 13.561 13.588 13.740 13.877 13.819    0.032 0.029 0.032 0.039 0.045  A 89136
   3036.71976 13.906 14.187 14.616 15.433 17.053    0.028 0.024 0.025 0.029 0.034  A 89389
   3040.72264 29.999 29.999 29.999 29.999 29.999    0.032 0.032 0.033 0.041 0.047  C 89603
   3043.64672 29.999 29.999 29.999 29.999 29.999    0.031 0.032 0.032 0.039 0.044  C 89930
   3045.67524 13.907 14.134 14.352 14.698 14.344    0.032 0.026 0.026 0.031 0.035  A 90207
   3048.64856 13.540 13.689 13.908 14.215 14.110    0.033 0.031 0.034 0.039 0.045  A 90601
   3051.60735 13.615 13.690 13.734 13.638 13.503    0.032 0.026 0.026 0.030 0.034  A 90982
   3053.65796 13.406 13.478 13.562 13.671 13.515    0.047 0.050 0.057 0.065 0.074  B 91274
   3055.70483 13.377 13.532 13.694 13.823 13.748    0.028 0.026 0.027 0.032 0.035  A 91568
   3057.73901 13.621 13.547 13.582 13.487 13.345    0.035 0.036 0.039 0.044 0.049  A 91854
   3060.58901 13.433 13.500 13.506 13.573 13.565    0.032 0.030 0.033 0.037 0.039  A 92200
   3062.60555 29.999 29.999 29.999 29.999 29.999    0.060 0.067 0.077 0.094 0.112  D 92470
   3064.64628 13.645 13.732 13.882 13.831 13.565    0.031 0.025 0.026 0.030 0.035  A 92750
   3067.66988 13.489 13.563 99.999 99.999 99.999    0.028 0.025 0.026 0.031 0.035  C 93057
   3069.68598 29.999 29.999 29.999 29.999 29.999    0.031 0.033 0.037 0.047 0.055  C 93356
   3071.71214 13.452 13.511 13.885 14.441 14.501    0.037 0.035 0.039 0.047 0.055  A 93652
   3074.61159 14.054 14.222 14.439 14.521 14.128    0.031 0.026 0.026 0.030 0.035  A 93981
   3076.63835 29.999 29.999 29.999 29.999 29.999    0.024 0.027 0.026 0.031 0.034  C 94267
   3078.64440 29.999 29.999 29.999 29.999 29.999    0.027 0.028 0.030 0.036 0.041  C 94572
   3080.65178 13.561 13.533 13.834 14.326 14.464    0.037 0.036 0.039 0.045 0.051  A 94863
   3082.68397 13.432 13.653 13.874 13.788 13.548    0.028 0.027 0.028 0.032 0.036  A 95169
   3086.67275 13.961 14.366 15.500 99.999 99.999    0.036 0.036 0.038 0.042 0.049  C 95465
   3088.67588 13.816 14.041 14.350 14.869 15.450    0.038 0.042 0.044 0.048 0.054  A 95778
   3090.68077 29.999 29.999 29.999 29.999 29.999    0.055 0.058 0.063 0.071 0.082  C 96083
   3093.53641 13.616 13.626 13.663 13.684 13.528    0.027 0.028 0.027 0.031 0.036  A 96491
   3097.53746 13.884 14.054 14.208 14.271 13.944    0.027 0.026 0.025 0.030 0.034  A 96775
   3099.55439 29.999 29.999 29.999 29.999 29.999    0.043 0.046 0.052 0.064 0.075  C 97097
   3101.56714 13.783 13.853 13.840 13.892 13.858    0.030 0.030 0.031 0.038 0.044  A 97404
   3103.57380 99.999 99.999 99.999 99.999 99.999    0.025 0.027 0.027 0.032 0.037  C 97722
   3105.56849 13.596 13.981 14.918 99.999 17.879    0.049 0.052 0.057 0.065 0.075  C 98039
   3107.57130 13.905 14.087 14.364 14.594 14.267    0.028 0.025 0.025 0.029 0.032  A 98357
   3109.57669 13.641 13.734 13.953 14.347 14.211    0.027 0.025 0.024 0.028 0.032  A 98669
   3111.57712 13.252 13.370 13.465 13.490 13.379    0.025 0.025 0.025 0.031 0.035  A 98982
   3113.58846 13.738 13.840 13.876 13.803 13.420    0.024 0.025 0.025 0.030 0.032  A 99307
   3115.59961 13.854 13.978 14.210 14.630 14.650    0.026 0.028 0.027 0.033 0.036  A 99642
   3121.57115 13.588 13.655 13.825 14.080 14.043    0.026 0.028 0.026 0.030 0.035  A 100064
   3126.52779 13.605 13.707 13.977 14.497 14.960    0.030 0.028 0.029 0.035 0.040  A 100842
   3128.55806 29.999 29.999 29.999 29.999 29.999    0.031 0.031 0.032 0.038 0.044  C 101169
   3130.56885 13.528 13.586 13.967 14.896 15.232    0.032 0.033 0.035 0.043 0.049  A 101464
   3133.49861 13.495 13.578 13.683 13.752 13.609    0.025 0.026 0.026 0.030 0.034  A 101937
   3142.50549 13.680 14.216 14.631 14.706 14.443    0.025 0.025 0.025 0.030 0.034  A 103065
   3146.49496 13.477 13.528 13.651 13.698 13.534    0.029 0.031 0.031 0.036 0.040  A 103468
   3154.47114 13.616 13.573 13.616 13.626 13.477    0.030 0.026 0.026 0.032 0.036  A 103882
   3158.46695 29.999 29.999 29.999 29.999 29.999    0.030 0.030 0.032 0.039 0.044  C 104346
   3162.46815 13.691 13.728 13.798 13.846 13.512    0.035 0.027 0.027 0.032 0.037  A 104787
   3165.46543 29.999 29.999 29.999 29.999 29.999    0.036 0.037 0.038 0.044 0.051  C 105310
   3169.45126 29.999 29.999 29.999 29.999 29.999    0.027 0.027 0.027 0.033 0.036  C 105865
   3278.84136 29.999 29.999 29.999 29.999 29.999    0.035 0.034 0.033 0.040 0.046  C 116894
   3374.73539 13.700 13.765 13.877 13.936 13.643    0.045 0.039 0.038 0.042 0.046  A 125423
   3382.68450 13.428 13.405 13.477 13.466 13.374    0.047 0.041 0.043 0.050 0.055  A 125643
   3421.63361 29.999 29.999 29.999 29.999 29.999    0.071 0.055 0.061 0.075 0.088  D 131044
#ndata= 8
#dataset= 2 ; 1 F0748-32_171
#desig= 072514-2747.9
#cra=    7.420482  07:25:13.7
#cdec= -27.797905 -27:47:52.5
#class= 0
#cmag_0= 13.539
#cmer_0=  0.341
#nskip_0= 0
#cmag_1= 13.543
#cmer_1=  0.331
#nskip_1= 0
#cmag_2= 13.637
#cmer_2=  0.354
#nskip_2= 0
#cmag_3= 13.705
#cmer_3=  0.387
#nskip_3= 0
#cmag_4= 13.594
#cmer_4=  0.371
#nskip_4= 0
#ra=    7.420482  07:25:13.7
#dec= -27.797905 -27:47:52.5
#     HJD      MAG_0  MAG_1  MAG_2  MAG_3  MAG_4    MER_0 MER_1 MER_2 MER_3 MER_4 GRADE FRAME
   2545.82770 13.588 13.641 13.806 13.859 13.820    0.036 0.035 0.030 0.033 0.035  A 20255
   2628.70224 29.999 29.999 29.999 29.999 29.999    0.036 0.037 0.038 0.045 0.053  C 30747
   2685.68334 13.606 13.474 13.565 13.745 13.665    0.041 0.033 0.028 0.034 0.039  A 40196
   2947.79317 13.576 13.535 13.663 13.823 13.635    0.033 0.036 0.032 0.039 0.042  A 79072
   2954.84094 29.999 29.999 29.999 29.999 29.999    0.040 0.044 0.045 0.055 0.063  C 80023
   2976.76590 13.431 13.575 13.652 13.673 13.631    0.029 0.028 0.026 0.029 0.034  A 82904
   2994.71801 13.345 13.442 13.577 13.541 13.339    0.032 0.028 0.029 0.034 0.038  A 85213
   2998.76918 13.568 13.565 13.640 13.688 13.536    0.030 0.030 0.029 0.034 0.039  A 85771
#ndata= 362
#dataset= 3 ; 1 F0728-24_212
#desig= 072514-2747.9
#cra=    7.420517  07:25:13.9
#cdec= -27.798564 -27:47:54.8
#class= 0
#cmag_0= 13.601
#cmer_0=  0.174
#nskip_0= 0
#cmag_1= 13.709
#cmer_1=  0.215
#nskip_1= 0
#cmag_2= 13.861
#cmer_2=  0.283
#nskip_2= 2
#cmag_3= 14.012
#cmer_3=  0.431
#nskip_3= 2
#cmag_4= 13.804
#cmer_4=  0.373
#nskip_4= 5
#ra=    7.420517  07:25:13.9
#dec= -27.798564 -27:47:54.8
#     HJD      MAG_0  MAG_1  MAG_2  MAG_3  MAG_4    MER_0 MER_1 MER_2 MER_3 MER_4 GRADE FRAME
   1869.77351 13.494 13.578 13.669 13.714 13.485    0.052 0.029 0.028 0.034 0.038  A 302
   1873.80038 14.036 14.192 14.341 14.348 14.357    0.051 0.029 0.028 0.034 0.039  A 914
   1876.71467 13.400 13.535 13.655 13.734 13.435    0.050 0.028 0.028 0.033 0.037  A 1360
   1877.77794 13.640 13.682 13.863 14.072 13.693    0.045 0.028 0.027 0.032 0.036  A 1545
   1878.81063 13.679 13.783 13.953 14.114 13.963    0.040 0.031 0.028 0.033 0.038  A 1719
   1880.80063 13.608 13.660 13.819 13.918 13.619    0.047 0.034 0.031 0.037 0.041  A 2025
   1881.76467 13.392 13.474 13.630 13.814 13.655    0.037 0.026 0.025 0.031 0.035  A 2169
   1884.74195 13.746 13.922 14.189 14.262 14.067    0.037 0.028 0.027 0.031 0.035  A 2307
   1885.74306 13.649 13.763 14.020 14.271 14.081    0.035 0.027 0.025 0.031 0.034  A 2468
   1886.75223 13.339 13.412 13.540 13.620 13.277    0.038 0.027 0.026 0.031 0.034  A 2632
   1887.74755 13.448 13.635 13.821 14.021 13.762    0.041 0.028 0.027 0.032 0.037  A 2789
   1888.73512 13.718 13.879 14.125 14.297 13.900    0.048 0.030 0.030 0.035 0.039  A 2944
   1889.75923 13.864 14.064 14.184 14.097 13.648    0.043 0.032 0.032 0.038 0.044  A 3116
   1899.70887 13.512 13.630 13.757 13.742 13.505    0.037 0.028 0.026 0.031 0.035  A 3224
   1900.71814 13.716 13.839 14.018 14.244 13.877    0.038 0.028 0.026 0.031 0.035  A 3385
   1902.69813 13.489 13.576 13.759 13.952 13.644    0.031 0.026 0.023 0.027 0.031  A 3534
   1903.72061 13.493 13.571 13.697 13.689 13.543    0.029 0.024 0.022 0.028 0.032  A 3702
   1905.70685 13.638 13.720 14.022 14.434 14.215    0.039 0.026 0.026 0.031 0.035  A 4019
   1906.69552 13.760 13.844 14.029 14.224 13.854    0.035 0.025 0.023 0.029 0.033  A 4176
   1907.70251 13.622 13.740 13.766 13.751 13.527    0.037 0.028 0.025 0.029 0.033  A 4339
   1908.69478 13.423 13.595 13.698 13.775 13.636    0.035 0.026 0.024 0.028 0.032  A 4497
   1915.68496 29.999 29.999 29.999 29.999 29.999    0.038 0.027 0.026 0.031 0.035  C 4947
   1918.66659 13.566 13.541 13.656 13.971 13.879    0.035 0.030 0.029 0.035 0.040  A 5154
   1919.67823 13.545 13.617 13.736 13.883 13.728    0.040 0.029 0.029 0.035 0.039  A 5319
   1920.67517 13.291 13.403 13.478 13.483 13.430    0.030 0.028 0.026 0.031 0.036  A 5478
   1921.67067 29.999 29.999 29.999 29.999 29.999    0.034 0.029 0.026 0.032 0.036  C 5635
   1922.67075 13.796 13.880 13.933 13.860 13.552    0.034 0.029 0.024 0.028 0.033  A 5785
   1923.66538 13.846 13.921 14.203 14.592 14.363    0.030 0.026 0.024 0.029 0.032  A 5949
   1924.66275 29.999 29.999 29.999 29.999 29.999    0.036 0.033 0.033 0.038 0.043  C 6117
   1925.66353 13.386 13.416 13.526 13.549 13.545    0.044 0.040 0.041 0.047 0.054  A 6286
   1926.65766 13.383 13.456 13.522 13.494 13.343    0.033 0.025 0.024 0.029 0.033  A 6453
   1952.60024 13.486 13.574 13.661 13.647 13.485    0.040 0.035 0.029 0.033 0.039  A 9569
   1954.60603 29.999 29.999 29.999 29.999 29.999    0.062 0.049 0.038 0.043 0.046  C 9837
   1955.60013 13.684 13.653 13.606 13.652 13.618    0.054 0.045 0.036 0.040 0.041  A 10011
   1968.57412 29.999 29.999 29.999 29.999 29.999    0.064 0.053 0.042 0.046 0.044  C 11677
   1979.54563 29.999 29.999 29.999 29.999 29.999    0.077 0.065 0.051 0.054 0.053  C 12188
   1981.58023 29.999 29.999 29.999 29.999 29.999    0.069 0.058 0.047 0.051 0.051  C 12537
   1984.52067 29.999 29.999 29.999 29.999 29.999    0.073 0.061 0.048 0.052 0.052  C 12913
   2054.47530 13.635 14.145 14.963 99.999 15.191    0.081 0.061 0.065 0.079 0.092  D 20185
   2058.45136 29.999 29.999 29.999 29.999 29.999    0.051 0.041 0.038 0.046 0.052  C 21075
   2167.85336 13.429 13.666 13.895 14.017 13.698    0.061 0.040 0.037 0.042 0.047  A 32193
   2171.87303 13.645 13.639 13.604 13.629 13.392    0.056 0.042 0.037 0.043 0.048  A 32705
   2173.85477 13.507 13.567 13.815 14.208 14.139    0.054 0.037 0.034 0.038 0.043  A 33076
   2183.86738 13.684 13.806 13.949 13.958 13.905    0.055 0.042 0.037 0.041 0.047  A 33990
   2185.82357 13.360 13.413 13.518 13.600 13.333    0.054 0.041 0.037 0.042 0.048  A 34349
   2189.86339 13.704 13.847 13.977 14.152 13.862    0.058 0.045 0.037 0.041 0.046  A 34857
   2191.82337 13.640 13.743 13.979 14.294 14.116    0.053 0.040 0.035 0.040 0.044  A 35196
   2193.82614 13.622 13.758 13.834 13.915 13.705    0.052 0.039 0.034 0.038 0.044  A 35553
   2196.80710 13.541 13.625 13.868 14.309 13.706    0.065 0.051 0.051 0.059 0.068  A 36034
   2197.89033 29.999 29.999 29.999 29.999 29.999    0.085 0.074 0.077 0.093 0.109  D 36245
   2199.82501 13.822 13.920 14.037 14.038 14.037    0.059 0.044 0.040 0.044 0.049  A 36578
   2201.82794 13.483 13.597 13.757 13.872 13.682    0.055 0.042 0.035 0.039 0.042  A 36827
   2208.80787 29.999 29.999 29.999 29.999 29.999    0.076 0.066 0.067 0.081 0.092  D 37753
   2212.77308 13.413 13.455 13.507 13.551 13.599    0.061 0.047 0.040 0.045 0.050  A 37978
   2213.81996 13.402 13.368 13.463 13.581 13.604    0.063 0.051 0.042 0.047 0.052  A 38166
   2215.78734 13.780 13.867 13.938 13.991 13.863    0.062 0.049 0.042 0.047 0.049  A 38470
   2217.76836 13.662 13.675 13.851 14.154 14.245    0.059 0.049 0.041 0.046 0.049  A 38796
   2221.78326 13.890 13.922 14.117 14.291 14.548    0.066 0.054 0.045 0.050 0.055  A 39092
   2222.85249 29.999 29.999 29.999 29.999 29.999    0.075 0.061 0.051 0.054 0.058  C 39278
   2225.74157 13.715 13.891 13.955 13.902 13.765    0.062 0.050 0.041 0.045 0.048  A 39555
   2227.76306 29.999 29.999 29.999 29.999 29.999    0.070 0.057 0.047 0.051 0.052  C 39870
   2228.85233 29.999 29.999 29.999 29.999 29.999    0.084 0.069 0.056 0.059 0.062  D 40074
   2230.74404 13.428 13.473 13.495 13.443 13.326    0.072 0.060 0.053 0.057 0.063  A 40355
   2232.79159 13.617 13.666 13.727 13.808 13.756    0.065 0.053 0.043 0.047 0.049  A 40542
   2233.84254 29.999 29.999 29.999 29.999 29.999    0.073 0.062 0.050 0.053 0.054  C 40720
   2235.71828 13.391 13.412 13.552 13.691 13.661    0.066 0.053 0.046 0.052 0.056  A 40980
   2236.81302 29.999 29.999 29.999 29.999 29.999    0.081 0.068 0.056 0.059 0.060  D 41179
   2237.82082 29.999 29.999 29.999 29.999 29.999    0.079 0.065 0.054 0.057 0.058  C 41343
   2239.78501 29.999 29.999 29.999 29.999 29.999    0.075 0.062 0.051 0.055 0.057  C 41487
   2240.80988 29.999 29.999 29.999 29.999 29.999    0.083 0.067 0.054 0.058 0.060  D 41655
   2241.79264 13.603 13.575 13.616 13.651 13.617    0.075 0.063 0.052 0.055 0.056  B 41807
   2242.79263 29.999 29.999 29.999 29.999 29.999    0.087 0.071 0.058 0.062 0.064  D 41967
   2250.75237 29.999 29.999 29.999 29.999 29.999    0.082 0.069 0.055 0.055 0.059  D 42905
   2520.88788 14.002 14.179 14.466 15.315 16.017    0.047 0.035 0.029 0.035 0.039  A 18309
   2521.91529 13.725 13.845 14.434 16.258 99.999    0.034 0.036 0.035 0.041 0.047  C 18518
   2545.81206 13.451 13.493 13.641 13.746 13.612    0.040 0.030 0.027 0.032 0.034  A 20248
   2557.80514 29.999 29.999 29.999 29.999 29.999    0.050 0.042 0.033 0.035 0.038  C 21941
   2561.82489 13.456 13.516 13.653 13.772 13.659    0.037 0.027 0.024 0.028 0.031  A 22636
   2565.82253 13.638 13.723 13.693 13.648 13.672    0.030 0.029 0.024 0.028 0.033  A 23352
   2577.78216 13.529 13.644 13.656 13.622 13.435    0.033 0.031 0.026 0.029 0.032  A 24839
   2625.72794 13.771 13.960 14.027 14.066 13.825    0.032 0.036 0.027 0.030 0.034  A 30452
   2628.69091 29.999 29.999 29.999 29.999 29.999    0.036 0.038 0.037 0.042 0.046  C 30743
   2637.70079 13.801 13.920 14.038 14.184 13.963    0.021 0.022 0.021 0.025 0.028  A 32544
   2643.72333 13.676 13.776 13.940 13.995 14.040    0.031 0.021 0.021 0.024 0.027  A 33456
   2645.70079 13.527 13.559 13.646 13.735 13.791    0.024 0.024 0.022 0.025 0.028  A 33744
   2647.68595 29.999 29.999 29.999 29.999 29.999    0.053 0.057 0.065 0.080 0.093  D 34034
   2650.66232 13.552 13.552 13.577 13.631 13.619    0.024 0.024 0.021 0.025 0.027  A 34290
   2652.68012 13.798 13.973 14.357 14.743 14.623    0.029 0.025 0.024 0.028 0.031  A 34603
   2654.68140 13.762 13.953 14.244 14.521 14.505    0.031 0.026 0.025 0.029 0.031  A 34913
   2657.71481 13.431 13.561 13.753 13.914 13.867    0.027 0.024 0.025 0.030 0.034  A 35458
   2665.72792 13.725 13.813 13.941 14.081 13.872    0.028 0.023 0.022 0.026 0.028  A 36837
   2675.69933 13.731 14.058 14.360 14.580 14.475    0.026 0.021 0.021 0.024 0.027  A 38482
   2677.68135 29.999 29.999 29.999 29.999 29.999    0.028 0.023 0.023 0.028 0.031  C 38821
   2679.65276 13.428 13.485 13.545 13.589 13.685    0.034 0.030 0.028 0.033 0.038  A 39140
   2683.63204 13.927 13.864 14.133 14.483 14.957    0.029 0.027 0.024 0.029 0.033  A 39811
   2696.68912 13.495 13.519 13.634 13.690 13.602    0.029 0.024 0.023 0.027 0.030  A 42112
   2719.58125 13.585 13.767 13.936 13.944 13.729    0.025 0.022 0.022 0.026 0.029  A 46074
   2721.60212 13.777 13.913 14.044 14.181 13.791    0.040 0.026 0.025 0.030 0.033  A 46468
   2751.52190 29.999 29.999 29.999 29.999 29.999    0.029 0.027 0.024 0.027 0.029  C 51780
   2862.92785 29.999 29.999 29.999 29.999 29.999    0.041 0.043 0.041 0.048 0.055  C 67290
   2885.89062 29.999 29.999 29.999 29.999 29.999    0.029 0.031 0.026 0.030 0.033  C 70137
   2893.89843 29.999 29.999 29.999 29.999 29.999    0.036 0.040 0.036 0.043 0.050  C 70988
   2896.88858 29.999 29.999 29.999 29.999 29.999    0.027 0.028 0.028 0.034 0.039  C 71580
   2906.87051 13.746 13.887 13.966 13.948 13.742    0.025 0.026 0.023 0.026 0.029  A 73264
   2910.86941 13.772 13.710 13.779 13.857 13.764    0.029 0.040 0.027 0.029 0.032  A 73824
   2912.86775 14.011 14.156 14.244 14.189 13.912    0.024 0.026 0.022 0.025 0.028  A 74198
   2916.82416 13.489 13.549 13.553 13.524 13.445    0.028 0.032 0.025 0.029 0.031  A 74657
   2922.81123 29.999 29.999 29.999 29.999 29.999    0.036 0.042 0.037 0.045 0.050  C 75344
   2924.86435 13.894 14.163 14.507 14.938 15.183    0.028 0.025 0.023 0.027 0.031  A 75725
   2927.82834 13.340 13.397 13.458 13.452 13.566    0.029 0.035 0.029 0.032 0.037  A 76086
   2930.84310 13.805 13.909 13.983 13.925 13.610    0.027 0.025 0.023 0.026 0.029  A 76626
   2940.77305 13.655 13.888 14.156 14.410 14.302    0.031 0.041 0.035 0.044 0.046  A 78061
   2942.81942 13.684 13.772 13.793 13.741 13.636    0.034 0.038 0.036 0.044 0.047  A 78278
   2951.77918 13.839 13.922 14.049 14.174 14.238    0.026 0.026 0.026 0.031 0.035  A 79620
   2954.83924 29.999 29.999 29.999 29.999 29.999    0.058 0.042 0.045 0.053 0.062  C 80022
   2964.78682 29.999 29.999 29.999 29.999 29.999    0.027 0.025 0.026 0.031 0.034  C 81405
   2967.77669 29.999 29.999 29.999 29.999 29.999    0.029 0.028 0.027 0.032 0.036  C 81823
   2977.74210 13.656 13.799 13.988 14.080 13.820    0.036 0.038 0.040 0.049 0.058  A 83028
   2979.76296 29.999 29.999 29.999 29.999 29.999    0.036 0.026 0.026 0.031 0.035  C 83303
   3276.86229 29.999 29.999 29.999 29.999 29.999    0.053 0.046 0.051 0.062 0.073  C 116638
   3296.82637 13.539 13.653 13.797 13.882 13.724    0.038 0.034 0.029 0.033 0.037  A 118729
   3333.79558 13.668 13.716 13.946 14.439 14.525    0.034 0.030 0.031 0.038 0.043  A 121836
   3356.71851 13.742 13.817 14.069 14.332 14.033    0.051 0.037 0.033 0.037 0.042  A 124498
   3362.70914 13.623 13.673 13.719 13.637 13.466    0.058 0.039 0.039 0.044 0.049  A 124858
   3365.77158 13.339 13.420 13.656 13.990 13.662    0.089 0.052 0.047 0.053 0.059  B 125096
   3374.73539 13.720 13.779 13.884 13.947 13.656    0.069 0.049 0.046 0.051 0.056  A 125423
   3385.64501 13.478 13.629 13.771 13.830 13.593    0.084 0.048 0.044 0.050 0.055  B 126037
   3387.69864 13.596 13.643 13.650 13.565 13.410    0.088 0.050 0.043 0.047 0.052  B 126338
   3389.73850 13.760 13.805 13.910 14.028 13.720    0.059 0.039 0.036 0.041 0.045  A 126615
   3391.79853 13.629 13.657 13.873 14.112 13.886    0.054 0.040 0.038 0.042 0.047  A 126886
   3394.81296 13.531 13.683 13.841 13.825 13.723    0.053 0.040 0.038 0.043 0.046  A 127197
   3397.62608 13.332 13.356 13.438 13.587 13.400    0.053 0.035 0.034 0.039 0.043  A 127497
   3399.69314 13.430 13.604 13.832 14.126 13.728    0.082 0.047 0.042 0.047 0.052  B 127779
   3404.70824 13.571 13.659 13.783 13.789 13.631    0.046 0.032 0.029 0.032 0.035  A 128432
   3406.75041 13.653 13.747 13.850 13.965 13.893    0.047 0.034 0.033 0.039 0.043  A 128759
   3408.81069 13.571 13.694 13.945 14.183 13.738    0.037 0.033 0.036 0.042 0.049  A 129089
   3411.62062 13.519 13.594 13.695 13.826 13.480    0.071 0.038 0.034 0.038 0.043  A 129474
   3413.66592 13.610 13.707 13.857 13.960 13.825    0.046 0.033 0.031 0.035 0.040  A 129789
   3417.66979 13.691 13.731 13.759 13.748 13.529    0.049 0.035 0.034 0.038 0.042  A 130430
   3419.65830 13.673 13.633 13.680 13.785 13.663    0.063 0.036 0.033 0.037 0.041  A 130744
   3421.67821 13.550 13.826 14.279 14.958 14.293    0.071 0.045 0.044 0.050 0.055  A 131059
   3423.66602 29.999 29.999 29.999 29.999 29.999    0.063 0.043 0.045 0.054 0.060  C 131385
   3425.69261 13.431 13.543 13.586 13.553 13.305    0.063 0.041 0.040 0.047 0.052  A 131694
   3427.72383 13.554 13.693 13.904 14.130 14.252    0.052 0.043 0.043 0.050 0.056  A 132022
   3431.67409 13.395 13.410 13.475 13.524 13.457    0.047 0.033 0.034 0.040 0.045  A 132372
   3433.69672 13.674 13.808 13.905 14.076 14.029    0.044 0.036 0.036 0.042 0.048  A 132703
   3436.68489 13.541 13.654 14.030 14.648 14.485    0.036 0.032 0.035 0.042 0.048  A 133003
   3439.67596 13.629 13.744 13.848 13.880 13.656    0.036 0.028 0.027 0.031 0.035  A 133341
   3443.52840 13.659 13.742 13.893 13.957 13.720    0.068 0.036 0.032 0.036 0.039  A 133706
   3445.56035 14.096 14.651 15.352 15.433 14.812    0.085 0.048 0.041 0.043 0.045  B 134073
   3447.57428 13.587 13.668 13.804 13.919 13.633    0.046 0.032 0.031 0.034 0.037  A 134715
   3449.59760 13.757 13.772 14.006 14.208 14.249    0.065 0.043 0.041 0.047 0.053  A 135052
   3452.52241 13.736 13.764 13.831 13.918 13.748    0.078 0.046 0.042 0.047 0.051  A 135447
   3454.58361 13.660 13.678 13.652 13.631 13.515    0.052 0.036 0.036 0.042 0.048  A 135805
   3456.58037 13.630 13.726 14.006 14.484 14.010    0.049 0.029 0.031 0.037 0.041  A 136156
   3458.56884 13.650 13.778 13.901 14.000 13.707    0.035 0.028 0.029 0.034 0.039  A 136507
   3460.57367 13.544 13.623 13.791 13.948 13.916    0.041 0.029 0.028 0.032 0.036  A 136875
   3462.58033 13.776 14.018 14.134 14.117 13.765    0.045 0.037 0.037 0.042 0.046  A 137149
   3464.61471 13.568 13.646 13.750 13.783 13.634    0.033 0.027 0.027 0.031 0.035  A 137484
   3466.62955 13.458 13.471 13.479 13.494 13.377    0.046 0.030 0.030 0.034 0.038  A 137826
   3469.62163 13.477 13.597 13.725 13.799 13.676    0.035 0.030 0.028 0.033 0.037  A 138244
   3471.63109 13.505 13.591 13.661 13.696 13.577    0.039 0.031 0.031 0.036 0.040  A 138571
   3473.62551 29.999 29.999 29.999 29.999 29.999    0.065 0.049 0.050 0.057 0.064  C 138874
   3476.53976 13.668 13.731 13.846 13.957 13.921    0.078 0.044 0.040 0.046 0.050  A 139343
   3478.56366 13.609 13.759 14.066 14.578 14.315    0.059 0.033 0.032 0.038 0.042  A 139696
   3480.58579 13.709 13.709 13.742 13.692 13.431    0.064 0.039 0.036 0.041 0.045  A 139985
   3490.54433 29.999 29.999 29.999 29.999 29.999    0.095 0.059 0.057 0.065 0.071  C 141105
   3492.55237 13.358 13.511 13.664 13.777 14.132    0.102 0.061 0.059 0.065 0.070  B 141448
   3497.55106 29.999 29.999 29.999 29.999 29.999    0.065 0.046 0.048 0.058 0.067  C 141885
   3500.53181 13.584 13.653 13.671 13.718 13.560    0.040 0.034 0.036 0.043 0.047  A 142237
   3503.48726 13.586 13.730 13.907 14.093 13.588    0.096 0.056 0.054 0.060 0.065  B 142758
   3512.47475 13.777 14.008 14.320 14.510 14.197    0.034 0.030 0.030 0.036 0.041  A 143805
   3520.48602 13.279 13.321 13.359 13.421 13.311    0.077 0.046 0.042 0.047 0.053  A 144620
   3523.46776 13.709 14.008 14.258 14.326 14.111    0.051 0.037 0.039 0.045 0.048  A 145137
   3526.47324 13.453 13.583 13.794 14.021 14.190    0.039 0.037 0.038 0.043 0.050  A 145624
   3529.46958 13.546 13.621 13.695 13.619 13.405    0.049 0.035 0.034 0.037 0.040  A 146138
   3622.90447 13.564 13.536 13.629 13.629 13.477    0.035 0.031 0.029 0.034 0.038  A 157995
   3630.87698 13.444 13.443 13.500 13.597 13.572    0.037 0.034 0.034 0.041 0.047  A 158871
   3640.86492 13.500 13.570 13.704 13.768 13.603    0.049 0.034 0.031 0.036 0.040  A 160093
   3644.86614 13.636 13.724 13.786 13.899 13.604    0.043 0.034 0.035 0.041 0.046  A 160686
   3648.87850 13.295 13.293 13.449 13.654 13.667    0.045 0.041 0.044 0.051 0.059  A 161108
   3652.85322 13.546 13.608 13.761 13.901 14.001    0.043 0.035 0.035 0.041 0.046  A 161678
   3659.86533 13.889 14.184 14.488 14.609 14.343    0.036 0.031 0.031 0.037 0.042  A 162706
   3663.82587 13.555 13.677 13.924 14.169 14.135    0.059 0.038 0.037 0.044 0.050  A 163276
   3666.86590 13.694 13.738 13.897 14.111 13.982    0.044 0.037 0.040 0.048 0.054  A 163731
   3670.81076 13.704 13.707 13.776 13.784 13.564    0.039 0.033 0.030 0.035 0.040  A 164171
   3673.84244 13.499 13.659 13.903 14.132 13.896    0.051 0.034 0.031 0.035 0.039  A 164614
   3677.80940 13.645 13.825 13.981 14.103 13.670    0.049 0.034 0.033 0.038 0.044  A 165173
   3703.77690 13.452 13.544 13.697 13.770 13.697    0.033 0.028 0.027 0.032 0.035  A 168475
   3706.75774 13.502 13.537 13.594 13.664 13.388    0.078 0.046 0.043 0.049 0.053  A 168881
   3711.85218 13.795 13.955 14.128 14.234 13.815    0.045 0.033 0.031 0.036 0.040  A 169337
   3714.73554 13.579 13.698 13.822 13.895 13.554    0.036 0.028 0.029 0.035 0.038  A 169727
   3717.73372 13.753 13.857 14.001 14.290 14.015    0.048 0.037 0.036 0.042 0.046  A 170112
   3719.79331 13.477 13.560 13.686 13.760 13.591    0.050 0.037 0.037 0.043 0.048  A 170352
   3722.71685 13.622 13.607 13.638 13.618 13.418    0.067 0.044 0.042 0.048 0.054  A 170721
   3725.76208 13.721 13.774 13.894 14.009 13.769    0.054 0.038 0.036 0.042 0.048  A 171044
   3728.70562 13.545 13.556 13.550 13.512 13.401    0.063 0.039 0.038 0.043 0.047  A 171435
   3731.84543 13.705 13.662 13.691 13.655 13.487    0.044 0.038 0.038 0.044 0.048  A 171754
   3734.74518 13.310 13.462 13.632 13.723 13.393    0.058 0.043 0.046 0.055 0.064  A 172108
   3737.71229 13.558 13.757 14.014 14.388 14.701    0.045 0.032 0.029 0.033 0.037  A 172513
   3739.79323 13.589 13.697 99.999 99.999 99.999    0.072 0.041 0.036 0.041 0.044  C 172820
   3742.67837 13.705 13.732 13.823 13.913 13.886    0.078 0.045 0.038 0.041 0.045  A 173157
   3744.76025 13.614 13.763 13.945 13.992 13.835    0.057 0.040 0.038 0.044 0.049  A 173455
   3747.66587 13.446 13.497 13.492 13.427 13.311    0.039 0.033 0.036 0.043 0.048  A 173822
   3749.77232 13.474 13.461 13.420 13.374 13.241    0.070 0.045 0.045 0.053 0.059  A 174141
   3752.72277 13.420 13.526 13.616 13.642 13.461    0.047 0.037 0.037 0.042 0.048  A 174545
   3754.84896 13.711 13.870 14.039 14.128 13.974    0.067 0.045 0.044 0.052 0.058  A 174851
   3757.63065 13.517 13.647 13.890 14.197 14.009    0.046 0.033 0.031 0.036 0.041  A 175198
   3759.69865 13.476 13.527 13.665 13.801 13.778    0.065 0.044 0.044 0.049 0.053  A 175502
   3761.83373 13.598 13.765 14.098 14.958 14.992    0.062 0.043 0.045 0.055 0.060  A 175800
   3764.66416 13.603 13.582 13.635 13.684 13.418    0.063 0.046 0.044 0.048 0.050  A 176160
   3767.63924 13.585 13.608 13.781 13.865 13.775    0.067 0.042 0.041 0.046 0.052  A 176571
   3769.73776 13.360 13.555 13.662 13.757 13.541    0.054 0.037 0.037 0.042 0.046  A 176861
   3772.59873 13.111 13.178 13.221 13.190 13.103    0.033 0.028 0.029 0.035 0.039  A 177206
   3774.69316 13.552 13.802 14.166 14.503 14.231    0.075 0.050 0.048 0.057 0.064  A 177523
   3776.74266 13.390 13.397 99.999 99.999 99.999    0.073 0.047 0.045 0.051 0.058  C 177828
   3778.72002 13.615 13.727 13.809 13.884 13.626    0.085 0.052 0.048 0.055 0.061  B 178130
   3780.75700 13.351 13.537 13.673 13.684 13.465    0.074 0.044 0.043 0.050 0.057  A 178414
   3788.66149 13.736 13.902 14.041 14.008 13.737    0.078 0.046 0.043 0.048 0.051  A 178984
   3790.73332 13.513 13.492 13.527 13.606 13.480    0.036 0.031 0.034 0.041 0.048  A 179279
   3793.62748 14.190 14.388 14.849 15.833 14.887    0.079 0.050 0.046 0.050 0.054  B 179688
   3795.68881 13.717 13.741 13.939 14.273 13.942    0.067 0.038 0.035 0.040 0.044  A 179995
   3797.68021 13.506 13.552 13.748 13.936 13.878    0.035 0.030 0.031 0.037 0.042  A 180272
   3799.72472 13.674 13.705 13.718 13.680 13.430    0.039 0.034 0.035 0.040 0.044  A 180566
   3802.59056 13.520 13.698 14.251 15.925 99.999    0.081 0.051 0.049 0.055 0.061  C 180878
   3804.65831 13.655 13.731 13.902 14.032 13.944    0.067 0.042 0.042 0.051 0.058  A 181175
   3806.66045 13.780 14.077 14.500 14.999 15.087    0.057 0.039 0.039 0.046 0.052  A 181475
   3809.66915 13.665 13.955 14.442 15.389 14.882    0.061 0.042 0.045 0.055 0.062  A 181833
   3811.67640 13.674 13.735 14.028 14.539 14.125    0.046 0.039 0.040 0.048 0.056  A 182150
   3813.69489 13.497 13.644 13.730 13.891 13.590    0.066 0.043 0.045 0.054 0.062  A 182476
   3816.57097 13.608 13.715 13.820 13.921 13.609    0.083 0.049 0.043 0.048 0.051  B 182909
   3818.60551 13.373 13.467 13.525 13.534 13.263    0.054 0.037 0.033 0.038 0.043  A 183243
   3820.61875 13.457 13.657 13.772 13.810 13.598    0.054 0.037 0.037 0.042 0.047  A 183571
   3822.67649 13.817 14.068 14.491 15.140 15.626    0.057 0.041 0.042 0.049 0.056  A 183911
   3825.53337 13.292 13.181 13.228 13.351 13.709    0.067 0.045 0.046 0.056 0.065  A 184363
   3827.54854 13.768 13.919 14.110 14.306 13.876    0.082 0.048 0.043 0.047 0.050  B 184711
   3829.57728 14.045 14.238 14.809 15.610 17.425    0.087 0.050 0.045 0.049 0.052  B 185056
   3831.57865 13.675 13.822 13.938 14.105 13.961    0.074 0.043 0.040 0.045 0.049  A 185398
   3833.58688 13.645 13.779 14.180 14.899 14.394    0.060 0.042 0.041 0.050 0.056  A 185753
   3835.59918 13.817 14.101 14.654 15.905 99.999    0.042 0.040 0.044 0.054 0.062  C 186109
   3837.63691 13.408 13.259 13.124 13.010 12.912    0.046 0.039 0.043 0.052 0.061  A 186452
   3849.52783 13.517 13.692 13.906 14.127 13.794    0.067 0.041 0.039 0.043 0.046  A 187055
   3851.54666 13.478 13.554 13.604 13.541 13.382    0.037 0.028 0.029 0.035 0.039  A 187406
   3853.55912 13.379 13.439 13.445 13.370 13.205    0.031 0.030 0.027 0.033 0.037  A 187759
   3855.57175 13.616 13.679 13.838 13.918 13.739    0.041 0.038 0.039 0.046 0.052  A 188078
   3858.53530 13.499 13.634 13.836 14.048 13.946    0.068 0.042 0.040 0.044 0.047  A 188493
   3860.55850 13.613 13.772 14.006 14.378 14.047    0.039 0.031 0.030 0.035 0.039  A 188810
   3862.54663 99.999 99.999 99.999 99.999 99.999    0.034 0.029 0.029 0.034 0.038  C 189170
   3865.48695 13.755 14.076 14.211 14.284 14.198    0.053 0.041 0.039 0.044 0.048  A 189658
   3867.54339 13.568 13.631 13.724 13.794 13.457    0.060 0.043 0.047 0.056 0.063  A 189994
   3870.47938 13.576 13.711 13.789 13.713 13.610    0.040 0.031 0.032 0.038 0.042  A 190501
   3872.50473 13.865 13.946 14.133 14.411 13.993    0.071 0.039 0.035 0.039 0.042  A 190884
   3876.51793 29.999 29.999 29.999 29.999 29.999    0.065 0.049 0.049 0.055 0.062  C 191300
   3880.49128 13.350 13.360 13.360 13.338 13.273    0.045 0.035 0.038 0.044 0.049  A 191760
   3883.48074 13.708 13.771 14.009 14.314 13.951    0.056 0.038 0.036 0.041 0.045  A 192209
   3887.48333 13.143 13.244 13.499 13.693 13.711    0.050 0.042 0.045 0.054 0.060  A 192605
   3890.48075 13.535 13.667 13.764 13.743 13.476    0.041 0.031 0.030 0.036 0.040  A 193125
   3893.47010 13.444 13.483 13.504 13.436 13.178    0.046 0.038 0.039 0.047 0.054  A 193659
   3898.46460 13.399 13.395 13.437 13.392 13.290    0.040 0.034 0.037 0.044 0.049  A 194301
   3902.44957 29.999 29.999 29.999 29.999 29.999    0.056 0.042 0.043 0.053 0.060  C 194973
   4091.70675 13.565 13.680 13.836 13.971 13.607    0.067 0.039 0.034 0.037 0.041  A 209406
   4105.66523 13.542 13.769 14.047 14.296 14.405    0.059 0.038 0.037 0.043 0.049  A 210829
   4107.70685 13.611 13.689 13.835 13.933 14.037    0.039 0.031 0.029 0.034 0.039  A 211125
   4111.78867 13.350 13.345 13.377 13.397 13.064    0.077 0.046 0.043 0.049 0.053  A 211437
   4125.74253 13.956 14.184 14.456 14.559 14.100    0.070 0.046 0.044 0.050 0.056  A 211572
   4127.70815 13.603 13.767 13.947 14.075 13.811    0.044 0.033 0.030 0.035 0.038  A 211823
   4129.69270 13.376 13.459 13.509 13.531 13.411    0.052 0.034 0.031 0.036 0.041  A 212082
   4131.73246 13.785 13.723 13.869 14.241 13.924    0.075 0.040 0.038 0.042 0.047  A 212349
   4133.75326 29.999 29.999 29.999 29.999 29.999    0.093 0.058 0.052 0.058 0.062  C 212624
   4135.77220 13.348 13.476 13.557 13.560 13.546    0.073 0.049 0.046 0.053 0.059  A 212898
   4137.76091 13.869 14.103 14.233 14.191 13.764    0.081 0.044 0.039 0.044 0.049  B 213172
   4146.68606 13.472 13.638 13.801 13.899 13.561    0.083 0.043 0.039 0.043 0.047  B 214429
   4149.77291 13.612 13.574 13.527 13.457 13.251    0.062 0.042 0.046 0.055 0.062  A 214704
   4152.54868 13.768 13.849 14.015 14.157 14.063    0.035 0.030 0.030 0.034 0.038  A 215086
   4154.59060 13.819 13.953 14.190 14.336 14.243    0.057 0.039 0.037 0.041 0.044  A 215400
   4156.62414 13.491 13.509 13.577 13.574 13.258    0.091 0.053 0.048 0.051 0.054  B 215709
   4158.64077 13.659 13.755 13.968 14.098 13.922    0.074 0.043 0.039 0.043 0.048  A 215992
   4160.67049 14.000 14.160 14.452 14.763 14.473    0.049 0.035 0.035 0.041 0.046  A 216314
   4162.67236 13.298 13.412 13.539 13.637 13.339    0.082 0.062 0.043 0.047 0.053  B 216638
   4164.69949 13.514 13.495 13.575 13.767 13.457    0.088 0.050 0.048 0.054 0.058  B 216924
   4167.63696 13.509 13.527 13.639 13.731 13.588    0.066 0.050 0.037 0.040 0.044  A 217314
   4172.67721 13.826 13.884 14.052 14.292 14.001    0.047 0.035 0.033 0.038 0.043  A 217925
   4174.69018 13.234 13.570 13.825 14.067 13.784    0.067 0.043 0.040 0.047 0.051  A 218247
   4180.59344 13.663 13.905 14.110 14.233 14.055    0.047 0.041 0.043 0.053 0.059  A 218972
   4182.62189 13.584 13.655 13.736 13.841 13.482    0.053 0.035 0.032 0.036 0.040  A 219255
   4184.61822 13.707 13.783 13.818 13.709 13.660    0.039 0.034 0.034 0.039 0.044  A 219545
   4190.66853 13.408 13.544 13.838 14.378 14.422    0.056 0.042 0.039 0.047 0.054  A 220248
   4193.51539 13.725 13.953 14.284 14.732 13.993    0.065 0.044 0.040 0.045 0.051  A 220691
   4196.57695 13.232 13.413 13.594 13.762 13.586    0.060 0.049 0.052 0.065 0.077  B 221025
   4198.57948 13.920 14.260 14.849 99.999 99.999    0.053 0.049 0.056 0.071 0.084  D 221301
   4201.57549 13.349 13.486 13.610 13.708 13.434    0.051 0.039 0.036 0.041 0.046  A 221582
   4204.57136 13.808 13.973 14.288 14.597 14.206    0.041 0.035 0.032 0.037 0.042  A 221926
   4216.55258 13.831 14.083 14.468 15.074 14.649    0.041 0.035 0.031 0.037 0.042  A 222837
   4228.49944 13.641 13.673 13.975 14.245 14.121    0.044 0.036 0.031 0.036 0.041  A 223295
   4230.51009 13.565 13.695 13.926 14.250 13.885    0.049 0.039 0.036 0.040 0.044  A 223643
   4232.52447 13.815 13.972 14.195 14.375 14.191    0.040 0.036 0.036 0.043 0.049  A 223992
   4234.52280 13.401 13.536 13.717 13.880 13.623    0.043 0.039 0.039 0.047 0.055  A 224362
   4236.52229 13.715 14.057 15.405 99.999 16.052    0.063 0.062 0.070 0.086 0.102  D 224718
   4256.47891 13.497 13.556 13.757 14.083 13.701    0.056 0.044 0.033 0.038 0.044  A 227197
   4341.91038 29.999 29.999 29.999 29.999 29.999    0.049 0.040 0.036 0.043 0.049  C 237019
   4345.91118 13.740 13.804 14.021 14.350 14.426    0.047 0.039 0.039 0.046 0.053  A 237698
   4349.90076 13.431 13.425 13.485 13.527 13.344    0.043 0.035 0.034 0.040 0.046  A 238383
   4355.88859 13.546 13.715 13.871 14.081 14.046    0.042 0.034 0.032 0.037 0.042  A 239262
   4362.89534 13.949 14.030 14.160 14.127 14.076    0.048 0.038 0.033 0.038 0.042  A 240260
   4366.86911 13.611 13.735 13.975 14.148 14.142    0.056 0.046 0.041 0.046 0.052  A 240767
   4376.85748 13.336 13.414 13.515 13.598 13.328    0.048 0.039 0.037 0.044 0.050  A 242199
   4380.82978 14.011 14.214 14.460 14.584 14.147    0.045 0.039 0.040 0.047 0.053  A 242786
   4384.82542 13.792 13.972 14.024 13.894 13.637    0.051 0.041 0.038 0.043 0.049  A 243395
   4387.84574 13.510 13.553 13.741 13.955 13.854    0.055 0.047 0.043 0.049 0.055  A 243880
   4402.84530 13.816 14.024 14.268 14.505 14.140    0.049 0.039 0.035 0.041 0.048  A 245184
   4406.84672 13.708 13.946 14.416 15.923 99.999    0.060 0.055 0.054 0.065 0.076  C 245498
   4409.82696 13.396 13.515 13.669 13.793 13.618    0.057 0.041 0.035 0.039 0.043  A 245923
   4413.82689 13.857 13.934 14.094 14.335 14.204    0.052 0.043 0.039 0.046 0.052  A 246312
   4421.79932 13.627 13.861 14.116 14.296 13.970    0.053 0.042 0.040 0.048 0.054  A 246595
   4424.84710 13.766 13.889 13.987 13.945 13.795    0.059 0.041 0.035 0.039 0.043  A 246850
   4427.83115 13.609 13.729 13.883 13.949 13.664    0.042 0.034 0.034 0.040 0.046  A 247118
   4430.77426 13.560 13.720 13.939 14.125 14.258    0.043 0.037 0.037 0.045 0.052  A 247456
   4433.76379 13.447 13.494 13.537 13.530 13.215    0.037 0.032 0.030 0.035 0.040  A 247835
   4436.76922 13.626 13.732 13.947 14.140 14.066    0.042 0.032 0.030 0.035 0.039  A 248199
   4439.75675 13.598 13.721 13.885 14.045 13.635    0.047 0.036 0.032 0.036 0.040  A 248567
   4460.69194 13.420 13.619 13.764 13.799 13.741    0.041 0.036 0.035 0.043 0.050  A 250923
   4462.76199 13.539 13.592 13.749 13.906 13.680    0.041 0.037 0.034 0.040 0.047  A 251217
   4465.68694 13.785 13.966 14.253 14.782 14.214    0.063 0.045 0.041 0.047 0.053  A 251542
   4467.79091 13.478 13.491 13.562 13.572 13.233    0.046 0.038 0.037 0.044 0.050  A 251803
   4470.68870 13.517 13.522 13.552 13.574 13.532    0.051 0.036 0.033 0.037 0.041  A 252114
   4473.73876 13.702 13.751 13.976 14.354 13.859    0.071 0.049 0.044 0.049 0.054  A 252398
   4476.73952 13.538 13.671 13.991 14.442 14.344    0.062 0.057 0.058 0.068 0.077  B 252676
   4479.64786 13.514 13.555 13.652 13.704 13.443    0.061 0.040 0.036 0.041 0.046  A 253019
   4482.68498 13.709 13.885 14.088 14.370 14.035    0.074 0.044 0.041 0.047 0.052  A 253331
   4485.67508 13.600 13.556 13.739 13.842 13.756    0.069 0.050 0.052 0.061 0.070  B 253602
   4487.71012 13.615 13.690 13.886 14.041 13.913    0.051 0.039 0.036 0.041 0.046  A 253848
   4489.75383 13.394 13.457 13.682 13.980 14.150    0.049 0.039 0.036 0.043 0.049  A 254102
   4492.61660 13.593 13.652 13.854 14.148 13.975    0.039 0.035 0.033 0.038 0.043  A 254391
   4494.65591 13.363 13.489 13.585 13.625 13.447    0.054 0.037 0.033 0.039 0.043  A 254652
   4497.77816 13.597 13.790 13.918 13.912 13.652    0.045 0.036 0.032 0.036 0.041  A 254802
   4500.58816 13.572 13.829 14.166 14.365 14.443    0.055 0.056 0.063 0.075 0.086  D 255133
   4505.60148 13.539 13.672 13.929 14.125 14.145    0.048 0.040 0.040 0.046 0.053  A 255838
   4507.65864 13.748 14.024 14.627 15.533 14.924    0.070 0.050 0.050 0.058 0.065  A 256147
   4509.73792 13.712 13.921 14.176 14.538 14.404    0.062 0.043 0.041 0.048 0.054  A 256454
   4512.58972 13.565 13.555 13.555 13.532 13.476    0.071 0.050 0.048 0.057 0.064  A 256811
   4515.70464 13.317 13.478 13.863 14.478 15.029    0.048 0.042 0.044 0.053 0.061  A 257036
   4517.75911 13.511 13.796 13.873 13.972 13.692    0.063 0.047 0.046 0.054 0.061  A 257303
   4520.58773 13.803 13.844 14.030 14.102 14.077    0.064 0.042 0.036 0.041 0.045  A 257689
   4522.60163 13.361 13.450 13.552 13.684 13.457    0.062 0.047 0.044 0.051 0.058  A 257986
   4524.60570 13.693 13.804 13.874 13.926 13.753    0.046 0.036 0.033 0.038 0.041  A 258280
   4526.64205 13.903 14.058 14.232 14.304 13.953    0.058 0.046 0.046 0.053 0.060  A 258580
   4528.70075 13.557 13.587 13.727 14.008 13.968    0.053 0.045 0.046 0.053 0.059  A 258903
   4531.59793 13.561 13.752 14.086 14.259 14.107    0.043 0.037 0.035 0.041 0.046  A 259317
   4536.70957 13.789 13.890 14.088 14.181 13.945    0.039 0.034 0.031 0.036 0.040  A 259955
   4539.54513 13.665 13.890 14.582 99.999 99.999    0.070 0.052 0.053 0.064 0.075  C 260340
   4541.58664 13.678 13.767 13.878 13.938 13.862    0.039 0.034 0.031 0.036 0.042  A 260653
   4543.60648 13.608 13.621 13.536 13.498 13.275    0.044 0.037 0.039 0.046 0.053  A 260972
   4547.63897 13.574 13.511 13.670 13.926 14.299    0.060 0.049 0.048 0.058 0.067  A 261606
   4554.67154 13.622 13.813 14.034 14.184 14.053    0.052 0.044 0.044 0.051 0.059  A 262551
   4559.53544 13.529 13.612 13.595 13.386 13.178    0.045 0.037 0.036 0.042 0.048  A 263323
   4561.59590 13.634 13.912 14.160 14.359 13.956    0.053 0.042 0.039 0.045 0.051  A 263682
   4563.61435 13.832 13.917 14.222 14.735 14.579    0.058 0.046 0.043 0.049 0.055  A 264017
   4565.62708 13.589 13.768 14.073 14.628 14.627    0.059 0.041 0.038 0.043 0.048  A 264359
   4568.53692 13.507 13.668 13.804 13.850 13.570    0.048 0.034 0.030 0.036 0.041  A 264806
   4570.54573 13.553 13.635 13.635 13.559 13.438    0.035 0.032 0.029 0.035 0.039  A 265137
   4572.57303 13.591 13.651 13.780 13.841 13.800    0.041 0.038 0.038 0.045 0.052  A 265490
   4574.59724 13.524 13.594 13.805 14.050 14.052    0.041 0.038 0.039 0.048 0.055  A 265824
