#ndata= 519
#dataset= 1 ; 1 F0900-64_045
#desig= 085835-6115.8
#cra=    8.976519  08:58:35.5
#cdec= -61.263921 -61:15:50.1
#class= 0
#cmag_0= 12.817
#cmer_0=  0.000
#nskip_0= 0
#cmag_1= 12.574
#cmer_1=  0.000
#nskip_1= 0
#cmag_2= 12.191
#cmer_2=  0.000
#nskip_2= 0
#cmag_3= 12.056
#cmer_3=  0.000
#nskip_3= 0
#cmag_4= 11.928
#cmer_4=  0.000
#nskip_4= 0
#ra=    8.976519  08:58:35.5
#dec= -61.263921 -61:15:50.1
#     HJD      MAG_1  MAG_0  MAG_2  MAG_3  MAG_4    MER_1 MER_0 MER_2 MER_3 MER_4 GRADE FRAME
   1906.74859 12.574 12.817 12.191 12.056 11.929    0.027 0.037 0.024 0.028 0.032  A 4201
   1981.60229 29.999 29.999 29.999 29.999 29.999    0.049 0.057 0.041 0.045 0.043  C 12547
   1984.57614 29.999 29.999 29.999 29.999 29.999    0.054 0.066 0.044 0.050 0.047  C 12936
   3051.64195 29.999 29.999 29.999 29.999 29.999    0.026 0.025 0.023 0.027 0.031  C 90996
   3413.72112 29.999 29.999 29.999 29.999 29.999    0.030 0.042 0.031 0.035 0.039  C 129811
   3724.78740 29.999 29.999 29.999 29.999 29.999    0.029 0.035 0.029 0.035 0.040  C 170918
   3783.63019 29.999 29.999 29.999 29.999 29.999    0.038 0.043 0.042 0.053 0.061  C 178668
#dataset= 1 ; 2 F0900-64_045
#desig= 085833-6116.0
#cra=    8.975942  08:58:33.4
#cdec= -61.266439 -61:15:59.2
#class= 0
#cmag_0= 11.864
#cmer_0=  0.124
#nskip_0= 1
#cmag_1= 11.808
#cmer_1=  0.112
#nskip_1= 2
#cmag_2= 11.738
#cmer_2=  0.101
#nskip_2= 2
#cmag_3= 11.672
#cmer_3=  0.100
#nskip_3= 2
#cmag_4= 11.646
#cmer_4=  0.108
#nskip_4= 0
#ra=    8.975942  08:58:33.4
#dec= -61.266439 -61:15:59.2
#     HJD      MAG_1  MAG_0  MAG_2  MAG_3  MAG_4    MER_1 MER_0 MER_2 MER_3 MER_4 GRADE FRAME
   1868.81609 11.737 11.743 11.651 11.575 11.548    0.032 0.061 0.030 0.036 0.040  A 159
   1870.75092 11.772 11.798 11.697 11.594 11.566    0.031 0.062 0.030 0.035 0.038  A 441
   1871.85978 11.731 11.830 11.645 11.585 11.555    0.033 0.063 0.030 0.035 0.039  A 617
   1873.75537 11.753 11.716 11.668 11.576 11.524    0.032 0.063 0.031 0.035 0.039  A 896
   1875.74394 11.719 11.820 11.650 11.581 11.525    0.031 0.063 0.029 0.035 0.040  A 1213
   1877.74209 11.757 11.778 11.701 11.619 11.604    0.028 0.052 0.028 0.031 0.035  A 1531
   1879.73896 11.772 11.751 11.706 11.627 11.564    0.027 0.048 0.026 0.031 0.034  A 1845
   1884.75625 11.701 11.747 11.653 11.577 11.562    0.028 0.040 0.026 0.030 0.033  A 2315
   1885.82479 11.693 11.775 11.625 11.550 11.502    0.029 0.038 0.027 0.031 0.034  A 2505
   1887.72049 12.463 12.967 12.204 12.088 11.995    0.027 0.041 0.027 0.033 0.036  A 2779
   1899.74990 11.666 11.716 11.638 11.580 11.534    0.028 0.032 0.025 0.029 0.033  A 3244
   1900.75994 11.691 11.725 11.637 11.568 11.514    0.029 0.036 0.025 0.029 0.033  A 3404
   1902.74617 11.704 11.690 11.650 11.594 11.542    0.028 0.035 0.023 0.027 0.031  A 3557
   1903.76925 11.752 11.759 11.712 11.671 11.635    0.027 0.037 0.024 0.029 0.033  A 3725
   1904.76054 11.712 11.797 11.665 11.600 11.581    0.029 0.049 0.028 0.032 0.035  A 3882
   1905.75288 11.723 11.773 11.654 11.567 11.536    0.029 0.046 0.026 0.031 0.034  A 4041
   1906.74859 11.981 12.027 11.846 11.720 11.710    0.027 0.037 0.024 0.028 0.032  A 4201
   1907.75350 11.707 11.781 11.601 11.527 11.505    0.028 0.035 0.024 0.028 0.032  A 4363
   1908.74547 11.781 11.817 11.676 11.595 11.580    0.028 0.038 0.024 0.029 0.032  A 4521
   1913.71783 11.767 11.822 11.678 11.637 11.605    0.024 0.028 0.022 0.026 0.030  A 4642
   1915.72926 11.703 11.763 11.651 11.573 11.549    0.027 0.039 0.025 0.030 0.034  A 4967
   1918.72973 11.758 11.817 11.685 11.609 11.585    0.030 0.035 0.028 0.032 0.037  A 5183
   1919.76469 11.685 11.709 11.623 11.571 11.543    0.031 0.036 0.028 0.032 0.037  A 5357
   1920.71643 11.693 11.751 11.648 11.615 11.588    0.027 0.031 0.026 0.031 0.035  A 5498
   1921.71288 11.786 11.850 11.726 11.650 11.630    0.031 0.038 0.029 0.033 0.038  A 5654
   1922.71214 11.779 11.841 11.677 11.586 11.548    0.030 0.035 0.025 0.028 0.033  A 5805
   1924.70188 11.732 11.775 11.676 11.600 11.542    0.031 0.040 0.028 0.035 0.039  A 6136
   1925.70501 11.736 11.815 11.696 11.642 11.626    0.050 0.054 0.051 0.057 0.064  B 6306
   1926.69917 11.795 11.847 11.743 11.683 11.671    0.029 0.035 0.025 0.028 0.032  A 6473
   1928.70099 11.782 11.846 11.712 11.627 11.588    0.028 0.036 0.025 0.029 0.032  A 6799
   1929.69627 11.809 11.879 11.754 11.697 11.653    0.030 0.038 0.026 0.030 0.034  A 6952
   1930.69683 11.827 11.864 11.770 11.728 11.671    0.028 0.032 0.023 0.027 0.030  A 7118
   1931.69157 11.833 11.883 11.786 11.724 11.687    0.031 0.034 0.025 0.029 0.033  A 7286
   1932.68713 11.836 11.878 11.757 11.672 11.645    0.030 0.035 0.024 0.027 0.031  A 7447
   1933.68718 11.860 11.880 11.819 11.777 11.773    0.032 0.036 0.025 0.029 0.032  A 7611
   1934.68598 11.846 11.923 11.762 11.690 11.660    0.028 0.031 0.023 0.027 0.030  A 7775
   1936.66001 11.822 11.865 11.799 11.748 11.733    0.030 0.032 0.025 0.029 0.033  A 8026
   1937.69829 11.848 11.873 11.804 11.768 11.736    0.032 0.034 0.025 0.029 0.031  A 8159
   1939.64014 11.923 11.937 11.877 11.802 11.764    0.029 0.033 0.024 0.027 0.030  A 8385
   1946.68053 11.835 11.868 11.825 11.818 11.830    0.032 0.035 0.028 0.033 0.037  A 8812
   1948.61359 11.854 11.908 11.812 11.755 11.757    0.032 0.037 0.029 0.035 0.040  A 9041
   1949.66808 11.778 11.794 11.721 11.654 11.644    0.033 0.036 0.028 0.033 0.037  A 9204
   1950.64542 11.787 11.826 11.751 11.682 11.692    0.034 0.037 0.027 0.031 0.035  A 9369
   1952.64282 11.722 11.745 11.667 11.610 11.602    0.034 0.038 0.028 0.032 0.036  A 9588
   1953.65218 11.684 11.713 11.692 11.698 11.705    0.038 0.042 0.029 0.032 0.035  A 9678
   1955.63826 11.631 11.668 11.620 11.630 11.610    0.040 0.046 0.032 0.036 0.036  A 10029
   1958.62211 11.675 11.625 11.644 11.630 11.638    0.041 0.046 0.033 0.037 0.037  A 10196
   1959.63431 11.552 11.610 11.608 11.635 11.629    0.041 0.047 0.033 0.036 0.036  A 10401
   1961.62838 11.599 11.572 11.585 11.579 11.592    0.041 0.047 0.033 0.035 0.035  A 10475
   1964.63042 11.588 11.638 11.610 11.642 11.605    0.039 0.044 0.031 0.034 0.035  A 10988
   1965.61460 11.628 11.612 11.612 11.607 11.613    0.041 0.047 0.033 0.038 0.037  A 11167
   1966.61665 11.540 11.567 11.540 11.558 11.569    0.043 0.050 0.035 0.039 0.037  A 11354
   1967.61375 11.588 11.626 11.640 11.679 11.673    0.045 0.052 0.037 0.041 0.039  A 11519
   1968.60891 11.517 11.590 11.554 11.572 11.602    0.047 0.055 0.039 0.043 0.040  A 11692
   1977.59129 11.618 11.696 11.635 11.649 11.683    0.055 0.065 0.048 0.053 0.051  A 11933
   1978.60425 11.665 11.696 11.752 11.817 11.835    0.052 0.062 0.044 0.051 0.049  A 12042
   1979.62076 11.735 11.798 11.755 11.774 11.804    0.053 0.063 0.044 0.050 0.050  A 12220
   1980.60850 11.696 11.772 11.706 11.746 11.772    0.055 0.063 0.048 0.053 0.050  A 12362
   1982.59345 11.730 11.687 11.714 11.711 11.747    0.043 0.052 0.034 0.039 0.037  A 12728
   1985.57796 29.999 29.999 29.999 29.999 29.999    0.057 0.068 0.046 0.050 0.048  C 13132
   1993.56694 11.650 11.737 11.652 11.612 11.635    0.065 0.079 0.051 0.055 0.054  B 13295
   1994.59543 11.633 11.634 11.698 11.741 11.795    0.062 0.073 0.049 0.053 0.053  B 13429
   2027.51260 11.844 11.896 11.747 11.632 11.571    0.031 0.050 0.030 0.034 0.038  A 17571
   2031.46965 11.746 11.845 11.622 11.527 11.485    0.029 0.045 0.028 0.033 0.037  A 17950
   2033.48820 11.818 11.818 11.728 11.617 11.585    0.028 0.042 0.027 0.032 0.035  A 18391
   2053.47117 11.864 11.902 11.779 11.687 11.654    0.033 0.061 0.031 0.036 0.040  A 19961
   2055.49834 11.971 12.042 11.877 11.792 11.750    0.039 0.072 0.037 0.043 0.047  B 20411
   2057.49736 11.887 11.951 11.818 11.745 11.694    0.028 0.053 0.028 0.033 0.036  A 20865
   2059.50505 11.878 12.048 11.783 11.699 11.680    0.035 0.063 0.037 0.043 0.048  A 21296
   2064.50504 11.857 11.893 11.792 11.739 11.740    0.042 0.041 0.043 0.047 0.052  A 21584
   2068.48832 11.897 11.962 11.853 11.778 11.761    0.030 0.034 0.029 0.033 0.037  A 22011
   2071.45681 11.899 12.060 11.779 11.684 11.635    0.039 0.062 0.043 0.051 0.059  A 22665
   2081.46594 11.752 11.696 11.794 11.794 11.783    0.059 0.050 0.068 0.081 0.095  D 23051
   2085.47849 12.253 12.214 12.156 12.054 11.983    0.030 0.041 0.030 0.033 0.037  A 23750
   2095.47431 11.760 11.801 11.688 11.591 11.552    0.053 0.052 0.058 0.070 0.080  D 25157
   2440.45644 11.657 11.739 11.582 11.508 11.486    0.026 0.035 0.024 0.027 0.031  A 7981
   2443.46342 11.701 11.689 11.632 11.562 11.532    0.026 0.030 0.021 0.024 0.027  A 8598
   2454.47414 11.730 11.758 11.668 11.609 11.599    0.034 0.039 0.025 0.026 0.028  A 9782
   2466.45419 11.920 11.932 11.932 11.930 11.945    0.039 0.042 0.034 0.037 0.042  A 11199
   2470.45759 11.843 11.839 11.835 11.808 11.761    0.038 0.041 0.031 0.033 0.035  A 11918
   2557.83240 11.694 11.741 11.669 11.644 11.623    0.036 0.040 0.028 0.031 0.031  A 21953
   2559.84835 11.749 11.810 11.696 11.648 11.610    0.027 0.029 0.023 0.026 0.029  A 22320
   2562.82298 11.851 11.903 11.801 11.775 11.742    0.028 0.035 0.024 0.027 0.030  A 22815
   2564.82881 11.866 11.942 11.808 11.735 11.726    0.026 0.030 0.025 0.029 0.033  A 23176
   2566.83053 11.851 11.905 11.812 11.752 11.762    0.060 0.059 0.060 0.066 0.075  D 23534
   2578.82218 11.811 11.847 11.806 11.784 11.780    0.041 0.040 0.036 0.040 0.044  A 25026
   2621.85038 11.858 12.014 11.807 11.755 11.755    0.040 0.035 0.042 0.050 0.055  A 29893
   2623.79302 11.967 11.977 11.870 11.809 11.778    0.030 0.026 0.029 0.035 0.038  A 30200
   2625.78550 11.962 12.007 11.904 11.864 11.878    0.037 0.029 0.033 0.041 0.043  A 30479
   2632.81688 11.931 12.149 11.850 11.788 11.797    0.038 0.035 0.037 0.045 0.049  A 32011
   2635.74869 11.984 12.060 11.903 11.867 11.854    0.039 0.034 0.040 0.046 0.052  A 32276
   2637.76755 11.922 12.139 11.834 11.772 11.781    0.033 0.027 0.031 0.037 0.040  A 32575
   2639.79260 12.009 12.026 11.942 11.924 11.909    0.039 0.031 0.040 0.046 0.048  A 32894
   2642.72134 11.950 11.994 11.853 11.767 11.708    0.039 0.029 0.040 0.041 0.042  A 33302
   2644.75630 11.962 11.992 11.853 11.763 11.700    0.030 0.032 0.030 0.030 0.031  A 33622
   2646.73809 11.978 11.942 11.871 11.806 11.775    0.030 0.026 0.028 0.034 0.036  A 33916
   2649.72540 11.914 11.974 11.799 11.728 11.696    0.023 0.023 0.022 0.024 0.026  A 34164
   2651.69533 11.980 12.014 11.923 11.899 11.889    0.033 0.028 0.035 0.041 0.045  A 34461
   2655.74950 11.908 11.995 11.847 11.788 11.789    0.031 0.030 0.031 0.034 0.036  A 35279
   2658.71898 11.943 12.098 11.865 11.778 11.756    0.037 0.031 0.036 0.043 0.047  A 35634
   2660.70983 11.910 11.958 11.828 11.741 11.711    0.034 0.029 0.032 0.035 0.041  A 35970
   2662.70685 11.901 12.001 11.816 11.761 11.748    0.032 0.028 0.029 0.031 0.033  A 36310
   2664.69828 11.840 11.934 11.748 11.696 11.725    0.031 0.026 0.029 0.031 0.034  A 36650
   2666.69587 11.791 11.916 11.692 11.629 11.621    0.030 0.024 0.025 0.028 0.030  A 36976
   2670.69494 11.874 11.880 11.786 11.725 11.700    0.027 0.025 0.025 0.028 0.029  A 37614
   2672.70253 11.794 11.909 11.739 11.672 11.660    0.034 0.029 0.035 0.040 0.043  A 37952
   2674.68357 11.831 11.907 11.746 11.651 11.623    0.024 0.026 0.023 0.025 0.027  A 38287
   2676.67447 11.990 11.954 11.880 11.831 11.793    0.038 0.030 0.036 0.041 0.043  A 38649
   2678.65541 11.845 11.966 11.783 11.707 11.686    0.027 0.025 0.025 0.027 0.029  A 38983
   2680.65601 11.897 11.988 11.811 11.756 11.769    0.030 0.027 0.029 0.035 0.038  A 39313
   2681.77910 11.938 11.975 11.835 11.741 11.688    0.026 0.031 0.024 0.027 0.030  A 39517
   2683.69607 11.907 12.030 11.877 11.806 11.754    0.034 0.030 0.033 0.040 0.043  A 39840
   2688.79741 11.822 11.971 11.751 11.672 11.644    0.035 0.036 0.035 0.041 0.046  A 40790
   2690.72248 11.880 11.974 11.775 11.709 11.695    0.032 0.038 0.029 0.031 0.034  A 41129
   2692.77919 11.866 11.934 11.774 11.685 11.650    0.025 0.032 0.025 0.030 0.033  A 41470
   2694.70026 11.947 12.041 11.839 11.749 11.745    0.034 0.031 0.036 0.036 0.038  A 41793
   2696.71541 11.870 12.039 11.757 11.685 11.671    0.029 0.032 0.031 0.030 0.031  A 42124
   2698.71067 11.874 11.991 11.778 11.696 11.677    0.026 0.029 0.027 0.030 0.032  A 42539
   2700.69390 11.870 11.966 11.768 11.681 11.657    0.027 0.031 0.028 0.028 0.029  A 42919
   2704.66149 11.927 11.916 11.830 11.762 11.718    0.034 0.031 0.034 0.033 0.034  A 43671
   2706.64048 11.932 11.971 11.856 11.775 11.711    0.032 0.027 0.034 0.035 0.036  A 44032
   2707.83216 11.925 11.983 11.842 11.773 11.758    0.040 0.038 0.047 0.055 0.066  B 44290
   2709.68191 11.862 11.976 11.773 11.681 11.666    0.032 0.034 0.031 0.030 0.031  A 44591
   2710.82199 11.864 11.918 11.730 11.628 11.583    0.025 0.025 0.026 0.031 0.034  A 44829
   2712.59802 11.836 12.040 11.778 11.733 11.773    0.041 0.032 0.039 0.046 0.049  A 45106
   2713.70930 11.769 11.852 11.678 11.622 11.598    0.028 0.026 0.027 0.031 0.034  A 45349
   2715.68335 11.883 11.922 11.784 11.750 11.744    0.037 0.037 0.038 0.040 0.045  A 45713
   2717.77021 11.757 11.819 11.674 11.613 11.596    0.027 0.036 0.029 0.034 0.038  A 45912
   2720.61090 11.756 11.784 11.654 11.576 11.524    0.034 0.032 0.037 0.041 0.045  A 46283
   2721.77247 11.742 11.861 11.623 11.569 11.535    0.045 0.047 0.054 0.061 0.072  D 46541
   2723.66215 11.707 11.792 11.610 11.536 11.505    0.034 0.037 0.025 0.028 0.031  A 46882
   2725.65260 11.775 11.844 11.716 11.635 11.619    0.030 0.031 0.023 0.026 0.029  A 47270
   2727.64627 11.782 11.825 11.685 11.611 11.567    0.023 0.031 0.021 0.024 0.026  A 47657
   2732.72267 11.863 11.970 11.771 11.690 11.661    0.025 0.035 0.024 0.028 0.032  A 48449
   2734.58091 11.929 12.001 11.851 11.783 11.768    0.025 0.032 0.021 0.024 0.027  A 48802
   2736.55158 11.882 12.016 11.808 11.737 11.766    0.023 0.029 0.022 0.026 0.028  A 49177
   2739.67100 12.016 12.144 11.894 11.807 11.752    0.029 0.040 0.028 0.031 0.034  A 49772
   2741.62674 12.108 12.149 11.983 11.850 11.825    0.026 0.028 0.025 0.028 0.032  A 50147
   2742.73197 12.000 12.100 11.955 11.880 11.844    0.030 0.028 0.032 0.039 0.044  A 50398
   2744.62137 12.056 12.074 11.953 11.887 11.842    0.026 0.026 0.026 0.031 0.034  A 50727
   2747.66664 11.985 12.047 11.878 11.773 11.744    0.027 0.029 0.028 0.035 0.040  A 51016
   2751.56072 11.866 12.005 11.766 11.699 11.689    0.025 0.024 0.023 0.026 0.029  A 51796
   2754.56146 11.890 11.913 11.777 11.675 11.641    0.025 0.026 0.022 0.026 0.029  A 52211
   2756.56095 11.776 11.888 11.704 11.656 11.637    0.024 0.022 0.022 0.026 0.029  A 52623
   2758.55184 11.799 11.775 11.672 11.604 11.591    0.074 0.068 0.085 0.102 0.118  D 53042
   2760.57001 11.788 11.833 11.677 11.612 11.568    0.024 0.027 0.023 0.026 0.029  A 53396
   2762.56610 11.774 11.855 11.675 11.601 11.573    0.027 0.030 0.027 0.032 0.037  A 53803
   2764.55068 11.772 11.828 11.689 11.616 11.580    0.024 0.026 0.022 0.025 0.028  A 54209
   2766.60830 11.743 11.809 11.657 11.578 11.532    0.024 0.025 0.024 0.027 0.031  A 54512
   2770.60289 11.805 11.861 11.752 11.672 11.590    0.025 0.028 0.026 0.031 0.034  A 54841
   2775.63863 11.754 11.895 11.685 11.632 11.551    0.068 0.064 0.075 0.085 0.095  D 55083
   2783.50664 11.960 12.027 11.871 11.807 11.766    0.032 0.037 0.026 0.028 0.030  A 55879
   2785.51069 11.966 12.004 11.867 11.797 11.743    0.034 0.030 0.028 0.030 0.031  A 56302
   2787.51054 11.980 12.107 11.873 11.792 11.760    0.031 0.027 0.030 0.032 0.033  A 56740
   2790.54229 11.956 12.025 11.853 11.776 11.743    0.032 0.030 0.027 0.029 0.032  A 57286
   2793.46805 11.774 11.855 11.673 11.612 11.582    0.038 0.037 0.042 0.052 0.059  A 57756
   2796.46944 11.818 11.802 11.719 11.650 11.635    0.029 0.034 0.031 0.033 0.036  A 58314
   2804.53880 11.979 11.947 11.895 11.806 11.758    0.044 0.042 0.048 0.060 0.070  D 59003
   2809.53656 11.942 12.042 11.828 11.724 11.698    0.024 0.025 0.023 0.027 0.031  A 59462
   2811.53501 11.965 12.033 11.881 11.805 11.752    0.024 0.023 0.022 0.025 0.028  A 59913
   2813.53352 11.994 12.057 11.893 11.784 11.764    0.024 0.024 0.022 0.026 0.029  A 60368
   2831.48213 11.723 11.808 11.659 11.624 11.626    0.031 0.033 0.029 0.035 0.040  A 62665
   2834.46589 11.713 11.773 11.652 11.589 11.536    0.031 0.032 0.029 0.034 0.039  A 63267
   2836.47061 11.693 11.754 11.639 11.592 11.575    0.027 0.028 0.024 0.028 0.031  A 63611
   2886.90594 11.785 11.844 11.704 11.648 11.614    0.030 0.030 0.028 0.031 0.034  A 70354
   2894.90428 11.946 11.995 11.901 11.866 11.856    0.029 0.031 0.030 0.036 0.040  A 71185
   2899.89174 11.894 12.004 11.822 11.748 11.742    0.030 0.026 0.024 0.027 0.031  A 72134
   2906.89088 11.817 11.830 11.742 11.679 11.631    0.024 0.027 0.024 0.026 0.027  A 73271
   2910.88809 11.707 11.769 11.634 11.565 11.530    0.036 0.031 0.033 0.036 0.037  A 73832
   2916.84473 11.666 11.685 11.600 11.530 11.482    0.025 0.027 0.022 0.025 0.027  A 74666
   2922.82867 11.754 11.832 11.718 11.684 11.659    0.031 0.032 0.031 0.038 0.045  A 75352
   2925.87054 11.771 11.839 11.716 11.669 11.629    0.029 0.029 0.025 0.029 0.033  A 75743
   2931.84870 11.853 11.937 11.775 11.720 11.705    0.032 0.034 0.031 0.036 0.039  A 76808
   2934.83828 11.777 11.846 11.690 11.627 11.615    0.024 0.028 0.022 0.026 0.028  A 77336
   2940.79947 11.768 11.844 11.720 11.672 11.650    0.029 0.033 0.029 0.033 0.035  A 78073
   2942.84468 11.809 11.832 11.724 11.648 11.617    0.032 0.028 0.032 0.036 0.039  A 78290
   2946.78218 11.792 11.809 11.708 11.640 11.611    0.027 0.030 0.028 0.029 0.031  A 78889
   2948.84739 11.668 11.772 11.603 11.541 11.525    0.042 0.038 0.040 0.040 0.042  A 79200
   2952.79622 11.697 11.770 11.643 11.577 11.563    0.041 0.045 0.045 0.052 0.060  A 79747
   2956.78995 11.779 11.744 11.712 11.659 99.999    0.034 0.037 0.031 0.037 0.044  C 80299
   2960.80041 11.752 11.841 11.701 11.624 11.587    0.029 0.029 0.030 0.036 0.040  A 80845
   2963.80908 11.730 11.837 11.668 11.601 11.579    0.027 0.027 0.026 0.030 0.034  A 81267
   2970.81763 11.834 11.889 11.765 11.691 11.655    0.027 0.026 0.027 0.031 0.036  A 82176
   2974.76539 11.757 11.896 11.682 11.632 11.615    0.031 0.033 0.034 0.041 0.045  A 82625
   2976.80766 11.787 11.879 11.706 11.663 11.656    0.030 0.028 0.030 0.034 0.038  A 82922
   2978.80684 11.821 11.861 11.720 11.664 11.641    0.027 0.026 0.026 0.029 0.033  A 83195
   2981.77336 11.784 11.816 11.709 11.655 11.613    0.035 0.033 0.037 0.043 0.048  A 83566
   2984.78236 11.701 11.810 11.618 11.562 11.524    0.029 0.028 0.031 0.037 0.042  A 83962
   2987.77315 11.749 11.878 11.671 11.610 11.593    0.027 0.029 0.028 0.032 0.035  A 84358
   2990.77509 11.751 11.848 11.687 11.623 11.608    0.032 0.032 0.032 0.039 0.044  A 84697
   2993.77076 11.806 11.838 11.751 11.702 11.673    0.027 0.025 0.026 0.030 0.035  A 85108
   2996.74885 11.782 11.814 11.711 11.653 11.634    0.027 0.027 0.026 0.030 0.034  A 85489
   2998.80850 11.677 11.779 11.627 11.565 11.544    0.029 0.029 0.029 0.033 0.038  A 85788
   3001.79473 11.808 11.861 11.742 11.686 11.672    0.024 0.025 0.022 0.026 0.029  A 86049
   3006.73191 11.711 11.738 11.614 11.560 11.532    0.026 0.027 0.026 0.030 0.034  A 86624
   3008.75760 11.830 11.859 11.747 11.695 11.658    0.030 0.028 0.032 0.037 0.041  A 86890
   3010.77018 11.794 11.875 11.715 11.639 11.613    0.027 0.026 0.026 0.032 0.036  A 87162
   3013.70160 11.782 11.878 11.718 11.660 11.640    0.028 0.025 0.028 0.033 0.037  A 87538
   3016.76535 11.795 11.835 11.740 11.671 11.657    0.026 0.029 0.026 0.031 0.035  A 87793
   3018.77017 11.771 11.836 11.692 11.636 11.615    0.031 0.031 0.031 0.035 0.041  A 88065
   3023.75953 11.683 11.722 11.617 11.562 11.516    0.028 0.027 0.027 0.032 0.036  A 88342
   3030.75783 11.633 11.717 11.561 11.483 11.419    0.026 0.026 0.027 0.034 0.038  A 88773
   3033.65866 11.730 11.678 11.686 11.641 11.607    0.027 0.027 0.026 0.030 0.035  A 89034
   3035.70777 11.745 11.779 11.675 11.637 11.631    0.035 0.037 0.040 0.048 0.055  A 89276
   3039.82449 11.717 11.769 11.641 11.582 11.545    0.028 0.031 0.029 0.035 0.040  A 89562
   3042.72837 11.773 11.863 11.698 11.640 11.676    0.030 0.030 0.032 0.039 0.045  A 89826
   3045.62259 11.873 11.854 11.790 11.733 11.708    0.030 0.030 0.031 0.037 0.042  A 90189
   3048.67329 11.808 11.854 11.731 11.660 11.643    0.029 0.029 0.030 0.037 0.042  A 90610
   3053.70202 11.887 12.009 11.823 11.776 11.777    0.027 0.026 0.027 0.033 0.036  A 91290
   3055.77057 12.091 12.086 12.028 11.967 11.945    0.036 0.032 0.040 0.045 0.049  A 91590
   3058.59146 11.915 11.935 11.819 11.758 11.715    0.027 0.025 0.027 0.032 0.037  A 91935
   3060.65656 11.878 11.926 11.790 11.704 11.674    0.024 0.023 0.023 0.027 0.030  A 92216
   3062.67461 11.835 11.865 11.742 11.614 11.575    0.080 0.076 0.090 0.107 0.123  D 92494
   3064.77647 11.995 11.993 11.899 11.859 11.850    0.046 0.047 0.050 0.059 0.067  D 92800
   3067.73099 11.782 11.845 11.708 11.671 11.646    0.027 0.026 0.026 0.030 0.035  A 93078
   3069.73471 11.757 11.845 11.705 11.633 11.621    0.031 0.031 0.032 0.040 0.046  A 93373
   3071.75074 11.797 11.815 11.731 11.667 11.630    0.032 0.029 0.034 0.040 0.046  A 93666
   3073.80179 11.751 11.764 11.679 11.622 11.626    0.032 0.032 0.034 0.040 0.046  A 93927
   3076.60960 11.707 11.748 11.663 11.607 11.578    0.025 0.024 0.025 0.028 0.032  A 94257
   3078.60779 11.712 11.748 11.639 11.570 11.531    0.028 0.026 0.030 0.036 0.041  A 94560
   3080.62573 11.762 11.747 11.702 11.707 11.685    0.067 0.063 0.072 0.082 0.090  D 94853
   3082.66386 11.748 11.811 11.672 11.586 11.495    0.050 0.049 0.054 0.061 0.069  D 95163
   3086.65284 11.729 11.825 11.653 11.583 11.561    0.025 0.025 0.025 0.030 0.033  A 95459
   3088.66322 11.803 11.860 11.728 11.654 11.640    0.039 0.035 0.043 0.050 0.056  A 95773
   3090.66592 11.715 11.827 11.635 11.566 11.529    0.037 0.033 0.041 0.046 0.051  A 96078
   3092.65808 11.814 11.809 11.744 11.687 11.643    0.024 0.024 0.024 0.028 0.031  A 96384
   3096.64473 11.729 11.759 11.638 11.560 11.517    0.026 0.026 0.028 0.032 0.037  A 96656
   3098.65975 11.744 11.799 11.680 11.626 11.627    0.030 0.029 0.032 0.038 0.044  A 96977
   3100.68895 11.708 11.719 11.642 11.596 11.577    0.031 0.030 0.032 0.039 0.046  A 97289
   3102.68312 11.752 11.805 11.653 11.578 11.532    0.030 0.029 0.031 0.037 0.042  A 97607
   3104.69452 11.756 11.843 11.709 11.652 11.661    0.029 0.032 0.030 0.036 0.041  A 97927
   3106.68889 11.749 11.785 11.670 11.589 11.544    0.030 0.030 0.027 0.032 0.036  A 98238
   3110.70321 11.815 11.827 11.747 11.695 11.644    0.029 0.029 0.029 0.036 0.042  A 98874
   3112.70140 11.876 11.909 11.772 11.681 11.638    0.027 0.026 0.028 0.033 0.037  A 99182
   3115.51323 11.936 11.959 11.842 11.783 11.746    0.025 0.026 0.026 0.030 0.033  A 99613
   3118.65353 11.801 11.932 11.697 11.616 11.573    0.027 0.028 0.029 0.034 0.039  A 99924
   3122.55255 11.833 11.983 11.733 11.667 11.664    0.026 0.025 0.025 0.030 0.035  A 100179
   3124.58360 11.841 11.955 11.743 11.679 11.656    0.024 0.027 0.026 0.031 0.036  A 100530
   3126.60356 11.881 11.919 11.788 11.730 11.721    0.029 0.030 0.030 0.037 0.042  A 100867
   3128.62526 11.844 11.875 11.775 11.707 11.696    0.030 0.029 0.034 0.041 0.048  A 101194
   3130.64572 11.909 12.051 11.845 11.804 11.747    0.033 0.033 0.036 0.044 0.050  A 101489
   3132.64619 11.945 12.003 11.875 11.815 11.785    0.029 0.030 0.031 0.037 0.043  A 101822
   3134.65206 11.969 12.051 11.867 11.796 11.724    0.027 0.026 0.028 0.033 0.037  A 102146
   3144.52920 11.994 12.080 11.918 11.845 11.792    0.025 0.029 0.025 0.030 0.033  A 103235
   3146.57944 11.968 12.021 11.881 11.802 11.786    0.026 0.033 0.025 0.029 0.033  A 103496
   3153.57982 11.926 12.045 11.824 11.752 11.804    0.046 0.043 0.049 0.055 0.059  A 103743
   3156.55921 11.999 12.121 11.891 11.822 11.776    0.027 0.029 0.028 0.033 0.038  A 104139
   3159.57095 12.075 12.065 11.983 11.892 11.787    0.042 0.039 0.048 0.060 0.069  D 104552
   3163.50560 11.949 12.004 11.852 11.750 11.713    0.025 0.026 0.027 0.032 0.036  A 104977
   3165.52542 11.942 11.992 11.864 11.763 11.717    0.027 0.029 0.028 0.033 0.037  A 105328
   3168.52719 11.888 11.951 11.813 11.741 11.709    0.025 0.024 0.025 0.029 0.034  A 105718
   3171.55817 11.858 11.965 11.789 11.714 11.693    0.028 0.030 0.029 0.034 0.039  A 106157
   3176.45791 11.938 11.953 11.830 11.732 11.690    0.025 0.026 0.028 0.033 0.038  A 106704
   3179.49458 11.940 11.948 11.834 11.759 11.722    0.030 0.030 0.032 0.038 0.045  A 107160
   3184.49918 11.774 11.972 11.656 11.579 11.557    0.028 0.031 0.030 0.035 0.041  A 107785
   3187.47744 11.843 11.893 11.731 11.622 11.581    0.029 0.030 0.031 0.037 0.043  A 108218
   3357.77794 11.964 12.011 11.839 11.732 11.689    0.030 0.040 0.028 0.033 0.036  A 124629
   3393.81195 12.026 12.049 11.949 11.880 11.858    0.039 0.040 0.038 0.044 0.051  A 127059
   3394.79485 12.023 12.079 11.953 11.890 11.858    0.033 0.042 0.031 0.035 0.039  A 127192
   3397.65215 12.105 12.140 12.025 11.945 11.927    0.029 0.034 0.030 0.036 0.041  A 127507
   3399.71252 11.956 12.013 11.837 11.751 11.717    0.029 0.036 0.028 0.033 0.038  A 127787
   3404.72734 11.952 11.989 11.844 11.760 11.712    0.033 0.040 0.032 0.034 0.036  A 128440
   3406.77396 11.945 11.943 11.875 11.790 11.770    0.033 0.037 0.034 0.038 0.041  A 128769
   3411.67384 11.751 11.777 11.664 11.578 11.551    0.028 0.037 0.027 0.032 0.036  A 129495
   3415.74057 11.701 11.769 11.624 11.568 11.527    0.036 0.051 0.027 0.029 0.032  A 130145
   3417.77607 99.999 99.999 99.999 99.999 99.999    0.040 0.073 0.035 0.039 0.042  C 130470
   3419.80842 11.633 11.702 11.565 11.539 11.524    0.042 0.055 0.041 0.047 0.052  A 130800
   3421.75782 11.759 11.819 11.676 11.593 11.572    0.039 0.048 0.043 0.053 0.062  A 131088
   3423.76740 11.735 11.756 11.665 11.581 11.535    0.060 0.087 0.051 0.058 0.064  D 131413
   3425.75540 11.780 11.790 11.713 11.639 11.616    0.047 0.080 0.044 0.051 0.056  B 131718
   3427.80712 11.769 11.753 11.714 11.617 11.559    0.042 0.051 0.044 0.053 0.061  A 132047
   3431.77069 11.801 11.788 11.718 11.639 11.598    0.035 0.050 0.034 0.041 0.047  A 132408
   3433.79417 11.809 11.826 11.730 11.618 11.626    0.060 0.107 0.058 0.064 0.068  D 132739
   3437.56329 11.785 11.845 11.700 11.616 11.554    0.027 0.030 0.025 0.028 0.031  A 133112
   3440.59434 11.698 11.791 11.640 11.581 11.567    0.028 0.036 0.028 0.033 0.037  A 133469
   3443.63222 11.742 11.778 11.645 11.570 11.545    0.028 0.042 0.027 0.031 0.033  A 133744
   3445.61890 11.854 11.818 11.780 11.726 11.710    0.036 0.049 0.034 0.036 0.038  A 134095
   3447.62357 11.688 11.757 11.615 11.536 11.513    0.035 0.045 0.034 0.039 0.041  A 134734
   3455.68569 11.761 11.938 11.655 11.570 11.526    0.044 0.073 0.043 0.051 0.057  B 136022
   3457.68791 11.907 11.918 11.806 11.704 11.684    0.030 0.033 0.032 0.037 0.042  A 136375
   3459.67002 11.834 11.909 11.741 11.673 11.638    0.030 0.038 0.029 0.034 0.040  A 136726
   3461.68089 11.989 12.015 99.999 99.999 99.999    0.033 0.037 0.035 0.043 0.050  C 137052
   3463.74117 11.981 11.951 11.909 11.837 11.797    0.032 0.038 0.034 0.039 0.045  A 137354
   3466.54120 11.925 12.016 11.843 11.765 11.735    0.030 0.045 0.028 0.033 0.037  A 137794
   3471.55437 11.930 12.031 11.812 11.694 11.650    0.034 0.036 0.033 0.037 0.040  A 138544
   3473.54947 11.940 12.014 11.847 11.757 11.704    0.032 0.036 0.031 0.035 0.039  A 138847
   3475.70193 11.976 12.145 11.861 11.785 11.852    0.064 0.088 0.069 0.081 0.093  D 139230
   3477.65206 11.847 11.958 11.760 11.687 11.648    0.038 0.065 0.034 0.038 0.042  A 139550
   3479.63046 11.781 11.895 11.655 11.524 11.415    0.048 0.062 0.052 0.063 0.073  D 139853
   3481.62895 11.838 11.823 11.733 11.638 11.588    0.033 0.051 0.032 0.038 0.042  A 140174
   3483.65000 11.837 11.835 11.761 11.674 11.618    0.043 0.066 0.041 0.048 0.055  A 140500
   3487.65012 11.684 11.792 11.607 11.543 11.496    0.032 0.035 0.033 0.039 0.045  A 140781
   3490.65282 11.747 11.802 11.655 11.563 11.564    0.034 0.037 0.036 0.044 0.050  A 141143
   3492.64983 11.778 11.819 11.680 11.587 11.529    0.034 0.048 0.033 0.037 0.040  A 141482
   3496.65088 11.773 11.827 99.999 99.999 99.999    0.030 0.038 0.030 0.035 0.039  C 141760
   3499.65496 11.862 11.907 11.755 11.666 11.617    0.027 0.038 0.028 0.033 0.036  A 142120
   3502.49996 11.910 12.037 11.791 11.705 11.657    0.027 0.037 0.027 0.032 0.036  A 142582
   3504.53677 11.917 12.080 11.836 11.798 11.785    0.046 0.067 0.050 0.059 0.067  D 142950
   3509.56176 11.933 11.983 11.873 11.789 11.746    0.030 0.032 0.027 0.031 0.036  A 143397
   3512.56105 11.952 12.030 11.870 11.793 11.766    0.034 0.048 0.032 0.038 0.044  A 143835
   3516.56575 11.870 12.010 11.773 11.702 11.701    0.036 0.059 0.033 0.038 0.043  A 144153
   3520.55212 11.887 11.893 11.803 11.711 11.684    0.027 0.035 0.029 0.035 0.039  A 144642
   3522.56980 11.927 11.933 11.861 11.848 11.855    0.044 0.056 0.051 0.059 0.068  D 144998
   3524.57605 11.847 11.866 11.798 11.733 11.791    0.057 0.061 0.066 0.082 0.096  D 145318
   3526.58697 11.841 11.877 11.730 11.620 11.556    0.032 0.039 0.034 0.039 0.045  A 145662
   3529.49618 11.830 11.873 11.730 11.629 11.606    0.033 0.047 0.031 0.035 0.039  A 146145
   3539.50453 11.810 11.862 11.733 11.636 11.617    0.040 0.062 0.036 0.042 0.049  A 146990
   3543.49101 11.721 11.775 11.627 11.531 11.505    0.034 0.042 0.036 0.043 0.049  A 147506
   3547.49099 11.795 11.866 11.727 11.643 11.600    0.027 0.031 0.027 0.032 0.036  A 147983
   3554.49616 11.814 11.920 11.729 11.656 11.624    0.026 0.032 0.026 0.030 0.034  A 148708
   3558.47846 11.944 11.979 11.859 11.788 11.748    0.030 0.035 0.030 0.035 0.039  A 149177
   3561.46397 12.011 12.053 11.919 11.825 11.758    0.028 0.035 0.029 0.033 0.038  A 149687
   3564.47140 11.921 12.079 11.827 11.771 11.762    0.028 0.031 0.027 0.033 0.038  A 150196
   3631.88863 11.817 11.930 11.711 11.618 11.588    0.033 0.037 0.035 0.042 0.048  A 159039
   3636.89269 11.925 11.987 11.850 11.781 11.840    0.038 0.040 0.039 0.046 0.053  A 159670
   3641.87206 11.849 11.875 11.767 11.689 11.631    0.031 0.039 0.030 0.034 0.039  A 160254
   3650.85491 99.999 99.999 99.999 99.999 99.999    0.032 0.038 0.029 0.034 0.038  C 161387
   3654.85114 11.765 11.801 11.679 11.587 11.554    0.035 0.046 0.034 0.038 0.043  A 161953
   3657.85390 11.784 11.891 11.710 11.637 11.596    0.034 0.043 0.033 0.039 0.043  A 162391
   3660.86190 11.778 11.859 11.681 11.602 11.598    0.038 0.052 0.037 0.044 0.050  A 162857
   3664.83367 11.810 11.856 11.712 11.637 11.634    0.038 0.056 0.036 0.042 0.047  A 163424
   3668.86514 11.714 11.779 11.681 11.640 11.629    0.032 0.034 0.031 0.036 0.041  A 163902
   3672.82285 11.708 11.824 11.647 11.582 11.549    0.031 0.035 0.030 0.033 0.038  A 164462
   3699.78184 11.609 11.696 11.546 11.483 11.474    0.036 0.051 0.034 0.039 0.043  A 167953
   3703.76739 11.659 11.649 11.598 11.515 11.495    0.037 0.053 0.033 0.037 0.040  A 168473
   3707.76515 11.617 11.664 11.539 11.476 11.428    0.030 0.037 0.027 0.032 0.036  A 169025
   3712.82870 11.772 11.785 11.688 11.618 11.560    0.030 0.035 0.028 0.032 0.036  A 169470
   3715.79669 11.758 11.800 11.685 11.597 11.549    0.039 0.055 0.037 0.041 0.045  A 169879
   3718.78030 11.740 11.838 11.675 11.600 11.595    0.036 0.043 0.038 0.046 0.053  A 170249
   3721.76824 11.818 11.854 11.753 11.680 11.664    0.034 0.039 0.034 0.039 0.046  A 170609
   3727.76020 11.793 11.786 11.708 11.634 11.622    0.040 0.047 0.044 0.054 0.062  A 171318
   3731.76433 11.732 11.799 11.651 11.614 11.599    0.040 0.050 0.039 0.044 0.049  A 171729
   3734.76498 11.682 11.762 11.632 11.546 11.475    0.043 0.045 0.047 0.057 0.066  B 172116
   3737.73993 11.758 11.747 11.689 11.621 11.575    0.029 0.037 0.027 0.031 0.035  A 172524
   3740.70912 11.755 11.791 11.676 11.584 11.553    0.028 0.037 0.027 0.031 0.035  A 172933
   3743.70887 11.879 11.938 11.822 11.768 11.737    0.034 0.044 0.036 0.038 0.043  A 173304
   3745.79131 11.897 11.937 11.835 11.740 11.685    0.030 0.035 0.029 0.036 0.041  A 173602
   3748.69875 11.884 11.961 11.783 11.701 11.684    0.038 0.047 0.039 0.045 0.052  A 173976
   3751.68881 11.988 11.988 11.903 11.764 11.710    0.036 0.044 0.038 0.046 0.053  A 174395
   3753.78581 11.854 11.882 11.780 11.704 11.654    0.036 0.047 0.037 0.045 0.052  A 174698
   3755.82697 11.740 11.747 11.651 11.568 11.485    0.036 0.039 0.038 0.047 0.054  A 174985
   3758.67332 11.717 11.753 11.663 11.589 11.543    0.030 0.041 0.028 0.033 0.037  A 175354
   3760.75196 11.650 11.674 11.579 11.486 11.442    0.030 0.039 0.030 0.035 0.039  A 175658
   3763.66219 11.570 11.591 11.510 11.443 11.403    0.038 0.053 0.037 0.043 0.048  A 176024
   3765.78095 11.584 11.695 11.502 11.435 11.421    0.031 0.040 0.030 0.034 0.039  A 176341
   3768.65222 11.619 11.636 11.544 11.443 11.417    0.032 0.039 0.032 0.037 0.041  A 176718
   3773.63407 11.573 11.594 11.540 11.486 11.475    0.037 0.047 0.037 0.045 0.053  A 177357
   3775.68359 11.620 11.675 11.573 11.513 11.461    0.035 0.040 0.036 0.045 0.053  A 177660
   3779.75238 11.762 11.779 11.723 11.690 11.732    0.043 0.045 0.048 0.060 0.071  D 178291
   3787.73754 11.711 11.776 11.624 11.523 11.497    0.032 0.041 0.035 0.042 0.048  A 178874
   3789.78641 11.744 11.766 11.677 11.617 11.594    0.032 0.042 0.035 0.042 0.049  A 179162
   3792.63205 11.812 11.858 11.742 11.661 11.613    0.035 0.041 0.036 0.041 0.045  A 179551
   3794.68625 11.748 11.816 11.694 11.634 11.604    0.031 0.032 0.035 0.041 0.048  A 179855
   3796.70970 11.807 11.809 11.724 11.638 11.579    0.027 0.033 0.027 0.032 0.036  A 180146
   3798.78185 11.818 11.861 11.737 11.654 11.624    0.038 0.042 0.040 0.045 0.051  A 180444
   3801.58858 11.753 11.816 11.676 11.598 11.555    0.031 0.040 0.031 0.038 0.044  A 180795
   3803.70205 11.857 11.873 11.771 11.694 11.650    0.039 0.045 0.043 0.049 0.054  A 181047
   3805.70170 11.789 11.819 11.741 11.669 11.613    0.036 0.047 0.039 0.047 0.054  A 181337
   3808.69759 11.805 11.898 11.718 11.611 11.559    0.043 0.063 0.042 0.051 0.058  A 181680
   3810.74903 11.791 11.867 11.726 11.657 11.636    0.042 0.059 0.039 0.046 0.053  A 182019
   3812.80251 11.749 11.790 11.654 11.575 11.545    0.036 0.040 0.040 0.047 0.053  A 182354
   3815.56701 11.785 11.824 11.683 11.600 11.545    0.036 0.037 0.044 0.056 0.068  D 182754
   3817.59556 11.776 11.837 11.666 11.579 11.533    0.034 0.054 0.033 0.039 0.044  A 183078
   3819.62386 11.817 11.871 11.700 11.624 11.593    0.032 0.044 0.033 0.039 0.045  A 183411
   3821.67892 11.785 11.869 11.684 11.582 11.516    0.037 0.046 0.037 0.043 0.049  A 183751
   3823.68860 11.816 11.892 11.718 11.629 11.615    0.034 0.042 0.038 0.047 0.054  A 184079
   3825.70114 11.769 11.933 11.673 11.614 11.612    0.038 0.040 0.041 0.052 0.060  A 184422
   3828.52999 11.943 11.934 11.832 11.716 11.699    0.039 0.064 0.037 0.041 0.046  A 184873
   3830.59629 12.005 12.043 11.897 11.802 11.782    0.029 0.034 0.030 0.035 0.038  A 185229
   3832.61110 11.832 11.885 11.750 11.652 11.615    0.032 0.039 0.032 0.038 0.044  A 185589
   3834.60262 11.891 11.961 11.807 11.754 11.691    0.029 0.036 0.031 0.038 0.044  A 185931
   3836.63656 11.895 11.983 11.822 11.719 11.704    0.043 0.058 0.043 0.052 0.060  A 186277
   3848.58508 11.894 11.962 11.796 11.691 11.688    0.044 0.053 0.051 0.062 0.072  D 186895
   3850.61642 11.889 11.888 11.780 11.683 11.633    0.030 0.040 0.029 0.033 0.038  A 187245
   3852.61163 11.844 11.994 11.751 11.672 11.610    0.028 0.033 0.029 0.035 0.039  A 187597
   3854.62266 11.797 11.894 11.705 11.630 11.592    0.029 0.037 0.030 0.034 0.038  A 187967
   3859.65694 11.791 11.906 11.695 11.613 11.580    0.038 0.060 0.036 0.042 0.048  A 188674
   3861.62267 11.837 11.880 11.776 11.725 11.710    0.033 0.045 0.031 0.036 0.041  A 189010
   3863.61237 11.922 11.938 11.831 11.702 11.686    0.048 0.086 0.043 0.047 0.050  D 189349
   3865.62994 11.984 12.001 11.906 11.811 11.802    0.034 0.041 0.036 0.042 0.048  A 189707
   3868.52716 11.871 11.975 11.778 11.716 11.708    0.032 0.036 0.035 0.041 0.047  A 190157
   3870.52979 11.866 11.910 11.758 11.668 11.601    0.029 0.031 0.031 0.037 0.042  A 190518
   3872.54690 11.973 11.993 11.859 11.765 11.720    0.031 0.045 0.030 0.035 0.038  A 190898
   3876.55157 11.870 11.932 11.804 11.728 11.727    0.030 0.043 0.029 0.034 0.038  A 191310
   3882.50780 11.843 11.924 11.740 11.665 11.626    0.031 0.048 0.030 0.035 0.039  A 192049
   3886.51675 11.781 11.856 11.709 11.651 11.610    0.027 0.037 0.027 0.031 0.036  A 192429
   3888.54433 11.837 11.890 11.796 11.749 11.792    0.058 0.055 0.067 0.082 0.094  D 192813
   3890.54265 11.830 11.865 11.758 11.669 11.643    0.035 0.051 0.031 0.035 0.039  A 193146
   3892.54916 11.710 11.799 11.649 11.588 11.563    0.038 0.057 0.035 0.039 0.044  A 193496
   3896.55003 11.759 11.903 11.687 11.612 11.593    0.039 0.040 0.039 0.047 0.054  A 194004
   3899.49954 12.005 12.156 11.891 11.812 11.739    0.034 0.041 0.039 0.047 0.053  A 194471
   3901.53079 11.871 11.932 11.800 11.720 11.683    0.030 0.038 0.030 0.035 0.039  A 194806
   3903.55095 11.887 11.935 11.813 11.720 11.690    0.028 0.034 0.027 0.032 0.036  A 195192
   3905.54435 11.953 11.971 11.852 11.753 11.705    0.029 0.040 0.030 0.034 0.038  A 195567
   3908.47897 11.922 12.021 11.832 11.751 11.720    0.028 0.033 0.028 0.033 0.037  A 196124
   4089.72457 11.940 11.964 11.828 11.714 11.673    0.042 0.053 0.044 0.054 0.063  B 209160
   4103.80309 11.875 11.914 11.796 11.705 11.655    0.034 0.040 0.034 0.041 0.047  A 210649
   4106.71444 11.885 11.900 11.816 11.762 11.754    0.033 0.034 0.035 0.042 0.049  A 210986
   4109.77082 11.895 12.001 11.794 11.723 11.688    0.033 0.041 0.033 0.038 0.045  A 211288
   4122.77451 11.769 11.822 11.695 11.608 11.554    0.064 0.070 0.070 0.078 0.088  D 212155
   4125.66650 11.749 11.823 11.666 11.572 11.535    0.030 0.039 0.029 0.034 0.037  A 211546
   4127.71325 11.846 11.871 11.757 11.694 11.639    0.030 0.035 0.029 0.032 0.036  A 211826
   4129.71218 11.685 11.693 11.618 11.555 11.501    0.031 0.035 0.029 0.033 0.036  A 212090
   4131.75215 11.680 11.724 11.624 11.532 11.497    0.031 0.045 0.030 0.036 0.039  A 212356
   4133.78209 11.652 11.714 11.548 11.463 11.421    0.038 0.050 0.039 0.046 0.052  A 212635
   4136.63418 99.999 99.999 99.999 99.999 99.999    0.036 0.051 0.036 0.041 0.046  C 212981
   4147.60800 11.746 11.753 11.669 11.580 11.532    0.034 0.042 0.033 0.036 0.037  A 214554
   4150.68128 11.832 11.877 11.738 11.657 11.599    0.038 0.048 0.038 0.042 0.047  A 214828
   4152.69135 11.829 11.819 11.768 11.714 11.673    0.032 0.040 0.029 0.033 0.038  A 215138
   4154.71031 11.769 11.835 11.686 11.620 11.594    0.038 0.057 0.037 0.043 0.048  A 215440
   4156.71193 11.869 11.891 11.745 11.620 11.578    0.033 0.042 0.032 0.037 0.042  A 215737
   4158.74960 11.779 11.832 11.673 11.543 11.503    0.054 0.093 0.050 0.054 0.059  D 216028
   4160.73279 11.788 11.870 11.731 11.652 11.646    0.029 0.036 0.030 0.035 0.039  A 216336
   4162.72960 11.949 11.982 11.835 11.708 11.614    0.031 0.033 0.033 0.038 0.043  A 216657
   4164.74757 12.014 12.019 11.947 11.875 11.862    0.042 0.041 0.047 0.055 0.064  B 216940
   4167.69830 11.956 12.006 11.868 11.746 11.782    0.045 0.050 0.049 0.057 0.061  A 217335
   4172.75331 11.854 11.934 11.782 11.751 11.713    0.034 0.039 0.032 0.036 0.041  A 217951
   4177.72019 11.819 11.803 11.730 11.681 11.681    0.037 0.058 0.035 0.039 0.043  A 218635
   4180.60152 11.697 11.744 11.695 11.664 11.672    0.037 0.040 0.040 0.050 0.057  A 218975
   4182.63425 11.654 11.683 11.604 11.553 11.506    0.031 0.039 0.030 0.033 0.037  A 219259
   4184.62996 11.684 11.715 11.601 11.539 11.516    0.035 0.045 0.036 0.042 0.047  A 219549
   4188.63115 11.635 11.665 11.601 11.563 11.549    0.033 0.035 0.029 0.033 0.037  A 219938
   4190.65540 11.581 11.614 11.558 11.534 11.525    0.033 0.043 0.032 0.038 0.043  A 220243
   4192.65815 11.619 11.647 11.576 11.529 11.510    0.031 0.037 0.031 0.036 0.042  A 220569
   4194.69409 29.999 29.999 29.999 29.999 29.999    0.041 0.047 0.043 0.051 0.058  C 220895
   4197.68870 11.764 11.795 11.726 11.695 11.714    0.034 0.039 0.033 0.040 0.046  A 221218
   4200.61901 11.728 11.811 11.679 11.605 11.589    0.029 0.039 0.030 0.034 0.039  A 221480
   4203.62693 11.772 11.824 11.730 11.691 11.656    0.030 0.036 0.029 0.032 0.037  A 221778
   4205.62950 11.772 11.817 11.750 11.742 11.765    0.036 0.045 0.036 0.043 0.049  A 222107
   4208.69404 11.692 11.747 11.596 11.517 11.517    0.042 0.059 0.046 0.055 0.065  B 222354
   4213.66371 11.772 11.850 11.667 11.595 11.550    0.046 0.060 0.041 0.051 0.060  A 222595
   4216.65505 11.743 11.739 11.753 11.729 11.719    0.035 0.044 0.031 0.035 0.040  A 222874
   4227.53814 29.999 29.999 29.999 29.999 29.999    0.030 0.033 0.026 0.030 0.034  C 223123
   4229.55524 11.744 11.812 11.699 11.655 11.652    0.030 0.036 0.028 0.033 0.038  A 223486
   4231.56427 11.718 11.803 11.661 11.627 11.651    0.038 0.049 0.037 0.043 0.048  A 223847
   4233.56497 11.702 11.773 11.673 11.637 11.612    0.048 0.051 0.057 0.068 0.073  D 224193
   4235.56640 11.696 11.740 11.634 11.561 11.527    0.028 0.035 0.027 0.031 0.035  A 224561
   4237.59133 11.710 11.765 11.646 11.554 11.472    0.044 0.048 0.046 0.057 0.067  D 224862
   4246.54163 11.677 11.731 11.653 11.603 11.573    0.032 0.033 0.029 0.033 0.037  A 226187
   4249.52208 11.683 11.694 11.620 11.577 11.543    0.032 0.033 0.029 0.035 0.040  A 226580
   4253.54482 11.632 11.622 11.596 11.579 11.567    0.038 0.045 0.033 0.038 0.043  A 226816
   4256.53943 11.599 11.647 11.545 11.499 11.488    0.030 0.033 0.029 0.034 0.038  A 227217
   4258.55017 11.563 11.640 11.519 11.472 11.446    0.034 0.043 0.031 0.035 0.039  A 227487
   4268.50785 11.695 11.785 11.667 11.600 11.583    0.065 0.064 0.071 0.086 0.100  D 227936
   4274.51409 11.838 11.925 11.848 11.856 11.889    0.038 0.042 0.032 0.036 0.039  A 228648
   4278.48895 11.972 11.979 11.942 11.923 11.958    0.033 0.035 0.031 0.038 0.044  A 229101
   4283.48703 12.009 12.191 11.853 11.764 11.739    0.038 0.045 0.043 0.052 0.062  A 229586
   4285.50515 11.933 11.988 11.859 11.813 11.779    0.039 0.047 0.041 0.047 0.053  A 229934
   4290.47151 11.774 11.788 11.742 11.733 11.714    0.035 0.038 0.031 0.035 0.038  A 230458
   4293.46594 11.712 11.756 11.653 11.595 11.571    0.031 0.034 0.028 0.032 0.036  A 230990
   4295.47217 11.727 11.716 11.678 11.645 11.602    0.030 0.037 0.028 0.032 0.037  A 231334
   4297.47480 11.690 11.694 11.635 11.562 11.510    0.034 0.041 0.037 0.046 0.055  A 231686
   4300.46571 11.673 11.676 11.616 11.566 11.531    0.036 0.044 0.037 0.044 0.050  A 232227
   4350.90908 11.718 11.773 11.678 11.650 11.674    0.042 0.054 0.043 0.051 0.060  A 238535
   4372.87779 11.873 12.005 11.805 11.720 11.684    0.041 0.047 0.044 0.052 0.060  A 241713
   4380.86532 12.127 12.167 12.040 11.979 11.912    0.042 0.050 0.041 0.048 0.055  A 242798
   4388.86787 12.038 12.061 12.004 11.996 11.980    0.039 0.039 0.036 0.041 0.046  A 244029
   4392.84784 12.023 12.148 11.919 11.851 11.835    0.039 0.053 0.038 0.042 0.047  A 244577
   4403.83437 12.009 12.054 11.916 11.821 11.763    0.034 0.042 0.033 0.038 0.043  A 245328
   4407.86328 11.890 11.895 11.879 11.824 11.838    0.037 0.039 0.035 0.041 0.046  A 245658
   4411.81469 11.719 11.786 11.673 11.619 11.584    0.041 0.056 0.039 0.043 0.047  A 246150
   4421.83618 11.560 11.614 11.504 11.468 11.433    0.037 0.043 0.037 0.043 0.049  A 246608
   4425.84887 11.614 11.599 11.555 11.514 11.469    0.032 0.041 0.029 0.033 0.037  A 246899
   4432.80847 11.738 11.822 11.705 11.655 11.661    0.036 0.041 0.036 0.043 0.050  A 247725
   4435.81752 11.727 11.818 11.679 11.627 11.615    0.034 0.039 0.031 0.034 0.038  A 248089
   4438.80971 11.851 11.919 11.822 11.769 11.764    0.042 0.044 0.045 0.053 0.058  A 248462
   4441.82621 11.880 11.924 11.845 11.805 11.788    0.035 0.040 0.033 0.039 0.043  A 248843
   4448.77390 11.832 11.863 11.789 11.723 11.692    0.036 0.047 0.032 0.036 0.040  A 249554
   4457.75071 11.908 11.923 11.820 11.737 11.676    0.038 0.048 0.037 0.044 0.051  A 250597
   4463.73414 11.750 11.804 11.695 11.655 11.618    0.034 0.038 0.031 0.037 0.042  A 251339
   4466.73187 11.673 11.781 11.607 11.553 11.546    0.037 0.046 0.033 0.038 0.042  A 251675
   4469.72364 11.566 11.626 11.523 11.464 99.999    0.041 0.049 0.038 0.044 0.049  C 252008
   4472.78831 11.606 11.607 11.571 11.551 11.559    0.050 0.047 0.056 0.067 0.080  D 252276
   4476.71399 11.662 11.682 11.633 11.581 11.561    0.051 0.056 0.056 0.066 0.077  D 252669
   4478.76961 11.594 11.611 11.521 11.465 11.434    0.042 0.042 0.044 0.053 0.063  B 252921
   4481.74765 11.674 11.734 11.621 11.553 11.621    0.055 0.052 0.063 0.079 0.094  D 253249
   4485.68326 11.620 11.679 11.564 11.519 11.480    0.039 0.042 0.042 0.052 0.062  A 253606
   4487.73536 11.663 11.718 11.639 11.600 11.580    0.041 0.062 0.037 0.043 0.049  A 253858
   4489.79186 11.646 11.736 11.601 11.552 11.547    0.036 0.039 0.036 0.044 0.051  A 254115
   4492.65753 11.705 11.740 11.658 11.600 11.587    0.032 0.036 0.031 0.037 0.042  A 254406
   4494.71639 99.999 99.999 99.999 99.999 99.999    0.031 0.038 0.028 0.032 0.036  C 254675
   4497.82104 11.717 11.767 11.697 11.631 11.610    0.032 0.037 0.030 0.034 0.038  A 254819
   4500.64750 11.778 11.792 11.665 11.557 11.480    0.047 0.054 0.050 0.058 0.066  B 255149
   4505.62800 11.809 11.907 11.743 11.683 11.642    0.038 0.043 0.038 0.045 0.053  A 255848
   4507.68476 11.786 11.840 11.696 11.621 11.585    0.037 0.047 0.038 0.044 0.052  A 256157
   4509.76221 11.950 11.975 11.907 11.857 11.816    0.035 0.041 0.036 0.042 0.048  A 256464
   4512.61022 11.915 11.931 11.868 11.817 11.785    0.042 0.046 0.045 0.054 0.064  B 256818
   4515.76197 11.917 11.935 11.857 11.838 11.832    0.040 0.043 0.045 0.055 0.064  B 257056
   4518.59313 11.855 11.895 11.829 11.780 11.739    0.034 0.036 0.034 0.041 0.048  A 257395
   4520.64526 11.826 11.916 11.760 11.693 11.665    0.032 0.033 0.030 0.034 0.038  A 257709
   4522.63796 11.756 11.779 11.681 11.616 11.576    0.037 0.040 0.039 0.048 0.056  A 257999
   4524.65770 11.735 11.794 11.652 11.593 11.543    0.033 0.035 0.031 0.037 0.043  A 258298
   4526.67133 11.722 11.786 11.636 11.565 11.517    0.036 0.038 0.037 0.046 0.054  A 258591
   4528.72204 11.735 11.772 11.677 11.623 11.589    0.035 0.040 0.036 0.043 0.048  A 258911
   4530.81834 11.670 11.716 11.631 11.590 11.596    0.031 0.037 0.030 0.034 0.039  A 259243
   4536.68832 11.598 11.614 11.559 11.526 11.502    0.032 0.040 0.029 0.033 0.037  A 259948
   4538.73093 11.570 11.623 11.551 11.508 11.526    0.042 0.055 0.039 0.044 0.049  A 260259
   4540.78772 11.618 11.651 11.560 11.501 11.476    0.041 0.055 0.040 0.047 0.055  A 260558
   4542.67824 11.689 11.711 11.685 11.664 99.999    0.038 0.041 0.042 0.051 0.061  C 260843
   4546.70915 11.666 11.706 11.637 11.604 11.600    0.037 0.041 0.039 0.048 0.057  A 261462
   4548.71994 11.863 12.030 11.770 11.710 11.713    0.036 0.042 0.039 0.047 0.054  A 261805
   4553.68625 11.736 11.848 11.608 11.479 11.427    0.068 0.068 0.077 0.094 0.108  D 262411
   4555.69818 11.779 11.769 11.723 11.700 11.666    0.029 0.033 0.028 0.033 0.038  A 262721
   4557.75024 12.005 12.113 11.830 11.718 11.662    0.034 0.040 0.033 0.037 0.042  A 263063
   4560.57419 11.777 11.858 11.736 11.679 11.640    0.032 0.033 0.029 0.034 0.040  A 263502
   4562.62207 11.830 11.924 11.759 11.674 11.647    0.035 0.040 0.035 0.042 0.048  A 263857
   4564.70732 29.999 29.999 29.999 29.999 29.999    0.038 0.054 0.034 0.038 0.043  C 264217
   4566.69121 11.859 11.923 11.828 11.781 11.770    0.037 0.038 0.038 0.042 0.046  A 264545
   4568.70225 11.970 12.076 11.874 11.811 11.792    0.035 0.039 0.033 0.037 0.042  A 264858
   4570.72258 11.866 11.894 11.844 11.828 11.834    0.031 0.044 0.030 0.034 0.039  A 265193
   4572.63859 11.934 11.989 11.884 11.821 11.888    0.040 0.044 0.038 0.045 0.053  A 265513
   4574.65461 11.877 11.911 11.824 11.802 11.800    0.037 0.044 0.039 0.048 0.055  A 265842
#ndata= 100
#dataset= 2 ; 1 F0848-56_071
#desig= 085833-6116.0
#cra=    8.975709  08:58:32.6
#cdec= -61.267418 -61:16:02.7
#class= 0
#cmag_0= 11.937
#cmer_0=  0.174
#nskip_0= 3
#cmag_1= 11.875
#cmer_1=  0.128
#nskip_1= 1
#cmag_2= 11.762
#cmer_2=  0.094
#nskip_2= 0
#cmag_3= 11.678
#cmer_3=  0.104
#nskip_3= 0
#cmag_4= 11.658
#cmer_4=  0.116
#nskip_4= 0
#ra=    8.975709  08:58:32.6
#dec= -61.267418 -61:16:02.7
#     HJD      MAG_1  MAG_0  MAG_2  MAG_3  MAG_4    MER_1 MER_0 MER_2 MER_3 MER_4 GRADE FRAME
   1889.81535 11.669 11.780 11.626 11.545 11.541    0.033 0.042 0.032 0.038 0.042  A 3142
   1954.64260 11.673 11.642 11.691 11.672 11.663    0.042 0.049 0.035 0.039 0.041  A 9854
   2171.89365 11.978 12.299 11.673 11.555 11.508    0.040 0.053 0.037 0.042 0.048  A 32714
   2173.87776 12.091 12.414 11.719 11.590 11.562    0.038 0.055 0.036 0.039 0.044  A 33085
   2183.87812 11.829 11.917 11.760 11.676 11.649    0.039 0.049 0.036 0.040 0.046  A 33995
   2189.88514 11.880 11.892 11.817 11.770 11.753    0.043 0.050 0.037 0.042 0.046  A 34867
   2193.84351 12.120 12.358 11.810 11.683 11.647    0.036 0.047 0.032 0.037 0.043  A 35561
   2212.78908 11.820 11.851 11.759 11.696 11.718    0.040 0.050 0.036 0.041 0.046  A 37986
   2215.85646 11.786 11.793 11.765 11.697 11.669    0.049 0.055 0.041 0.046 0.049  A 38501
   2224.78290 11.933 11.935 11.868 11.810 11.785    0.045 0.054 0.037 0.041 0.044  A 39413
   2232.77742 11.892 11.930 11.803 11.706 11.721    0.046 0.055 0.037 0.041 0.043  A 40537
   2236.75390 11.842 11.850 11.851 11.792 11.774    0.048 0.056 0.041 0.045 0.046  A 41156
   2239.76120 11.797 11.775 11.820 11.797 11.776    0.054 0.063 0.045 0.049 0.051  B 41478
   2249.72779 11.642 11.651 11.638 11.597 11.571    0.056 0.066 0.046 0.050 0.053  B 42735
   3357.76974 11.931 11.997 11.807 11.724 11.730    0.042 0.058 0.034 0.036 0.041  A 124626
   3363.75950 11.716 11.804 11.663 11.598 11.591    0.036 0.042 0.035 0.040 0.045  A 124981
   3390.79553 99.999 99.999 99.999 99.999 99.999    0.036 0.048 0.034 0.037 0.042  C 126776
   3452.60036 11.783 11.866 11.701 11.628 11.641    0.042 0.057 0.039 0.045 0.051  A 135476
   3621.91198 11.899 12.024 11.679 11.577 11.503    0.047 0.070 0.046 0.055 0.063  B 157834
   3636.88022 11.877 11.907 11.818 11.744 11.748    0.036 0.039 0.036 0.044 0.050  A 159666
   3640.89084 11.789 11.873 11.674 11.586 11.546    0.033 0.042 0.031 0.035 0.040  A 160102
   3644.89236 11.747 11.798 11.685 11.612 11.616    0.046 0.068 0.041 0.047 0.056  B 160696
   3657.85043 11.750 11.793 11.683 11.609 11.607    0.031 0.035 0.032 0.037 0.043  A 162390
   3670.81396 11.770 11.803 11.713 11.641 11.624    0.032 0.035 0.030 0.035 0.040  A 164173
   3673.84659 11.825 11.916 11.736 11.661 11.669    0.037 0.038 0.031 0.034 0.037  A 164616
   4107.77127 11.853 11.825 11.817 11.771 11.727    0.031 0.034 0.029 0.034 0.038  A 211149
   4172.69666 29.999 29.999 29.999 29.999 29.999    0.041 0.059 0.041 0.046 0.053  C 217932
   4179.73594 11.924 12.195 11.643 11.505 11.488    0.036 0.054 0.035 0.042 0.048  A 218870
   4363.88372 11.898 12.000 11.730 11.602 11.528    0.040 0.042 0.038 0.043 0.049  A 240424
   4371.87662 12.136 12.309 11.901 11.804 11.759    0.039 0.047 0.038 0.044 0.051  A 241555
   4384.85013 12.014 12.019 12.001 11.993 12.021    0.043 0.045 0.041 0.046 0.051  A 243404
   4403.82538 11.966 12.125 11.804 11.707 11.701    0.035 0.040 0.032 0.036 0.041  A 245325
   4441.79732 11.866 11.938 11.813 11.755 11.771    0.036 0.040 0.034 0.040 0.045  A 248833
   4484.82206 11.928 12.163 11.627 11.494 11.414    0.039 0.059 0.035 0.041 0.047  A 253538
   4557.73918 12.072 12.310 11.772 11.622 11.575    0.036 0.044 0.033 0.038 0.043  A 263059
   4564.69356 12.155 12.299 11.880 11.754 11.721    0.042 0.062 0.037 0.041 0.045  A 264213
#dataset= 2 ; 2 F0848-56_071
#desig= 085834-6115.9
#cra=    8.976065  08:58:33.8
#cdec= -61.265551 -61:15:56.0
#class= 0
#cmag_0= 11.852
#cmer_0=  0.105
#nskip_0= 0
#cmag_1= 11.828
#cmer_1=  0.101
#nskip_1= 0
#cmag_2= 11.775
#cmer_2=  0.100
#nskip_2= 0
#cmag_3= 11.711
#cmer_3=  0.106
#nskip_3= 0
#cmag_4= 11.692
#cmer_4=  0.109
#nskip_4= 0
#ra=    8.976065  08:58:33.8
#dec= -61.265551 -61:15:56.0
#     HJD      MAG_1  MAG_0  MAG_2  MAG_3  MAG_4    MER_1 MER_0 MER_2 MER_3 MER_4 GRADE FRAME
   1880.85783 11.711 11.722 11.668 11.614 11.607    0.034 0.043 0.032 0.037 0.043  A 2051
   2171.89365 11.831 11.820 11.739 11.627 11.571    0.040 0.053 0.037 0.042 0.048  A 32714
   2173.87776 11.826 11.887 11.727 11.650 11.618    0.038 0.055 0.036 0.039 0.044  A 33085
   2185.85063 11.882 11.924 11.814 11.688 11.717    0.043 0.051 0.038 0.042 0.047  A 34361
   2191.84512 11.861 11.921 11.801 11.717 11.689    0.036 0.045 0.032 0.037 0.042  A 35206
   2193.84351 11.864 11.861 11.784 11.686 11.678    0.036 0.047 0.032 0.037 0.043  A 35561
   2196.83088 11.777 11.894 11.701 11.625 11.607    0.038 0.052 0.034 0.039 0.043  A 36045
   2198.82396 11.754 11.788 11.664 11.573 11.531    0.037 0.051 0.033 0.037 0.043  A 36398
   2200.82934 11.751 11.783 11.668 11.564 11.540    0.038 0.051 0.035 0.038 0.042  A 36649
   2202.81442 11.721 11.712 11.654 11.585 11.559    0.043 0.053 0.035 0.039 0.045  A 36987
   2212.78908 11.807 11.825 11.808 11.788 11.783    0.040 0.050 0.036 0.041 0.046  A 37986
   2214.78113 11.849 11.785 11.764 11.687 11.668    0.046 0.055 0.041 0.047 0.051  A 38300
   2217.79380 11.814 11.854 11.787 11.728 11.729    0.046 0.055 0.039 0.044 0.047  A 38808
   2221.80850 11.805 11.822 11.813 11.800 11.797    0.050 0.056 0.044 0.052 0.056  A 39104
   2226.76449 11.992 12.010 11.942 11.859 11.858    0.047 0.053 0.038 0.043 0.045  A 39719
   2227.86898 11.906 11.882 11.928 11.908 11.860    0.075 0.086 0.066 0.073 0.079  D 39917
   2234.75398 11.894 11.906 11.869 11.817 11.773    0.045 0.054 0.037 0.042 0.044  A 40841
   2241.74102 11.858 11.884 11.823 11.775 11.782    0.051 0.059 0.042 0.047 0.049  A 41786
   2244.75086 11.712 11.709 11.752 11.785 11.846    0.062 0.073 0.052 0.058 0.061  D 42228
   3357.76974 11.910 11.987 11.859 11.829 11.795    0.042 0.058 0.034 0.036 0.041  A 124626
   3367.70175 11.710 11.687 11.627 11.533 11.465    0.040 0.051 0.040 0.047 0.054  A 125276
   3372.78531 11.698 11.696 11.633 11.570 11.535    0.041 0.050 0.043 0.049 0.056  A 125327
   3386.67570 11.944 11.988 11.910 11.854 11.849    0.035 0.047 0.036 0.041 0.044  A 126182
   3393.81195 12.035 12.042 11.966 11.898 11.881    0.036 0.041 0.037 0.044 0.052  A 127059
   3400.73762 12.048 12.068 11.990 11.947 11.900    0.032 0.042 0.029 0.034 0.037  A 127944
   3621.91198 11.791 11.728 11.719 11.659 11.617    0.047 0.070 0.046 0.055 0.063  B 157834
   3630.89749 11.809 11.831 11.776 11.715 11.690    0.037 0.050 0.036 0.042 0.048  A 158878
   3640.89084 11.822 11.838 11.744 11.683 11.648    0.033 0.042 0.031 0.035 0.040  A 160102
   3654.84080 11.859 11.863 11.798 11.730 11.710    0.044 0.073 0.039 0.044 0.048  B 161950
   3660.85940 11.864 11.919 11.829 11.781 11.744    0.042 0.064 0.040 0.046 0.054  A 162856
   3664.83117 11.805 11.833 11.751 11.739 11.761    0.045 0.067 0.039 0.044 0.049  B 163423
   3673.84659 11.812 11.827 11.787 11.772 11.742    0.037 0.038 0.031 0.034 0.037  A 164616
   3677.81882 11.746 11.772 11.706 11.658 11.646    0.031 0.046 0.033 0.039 0.043  A 165177
   3791.84048 11.798 11.864 11.770 11.748 11.750    0.041 0.052 0.041 0.047 0.052  A 179465
   4149.80024 11.793 11.814 11.739 11.700 11.726    0.035 0.040 0.039 0.048 0.056  A 214714
   4174.70975 11.878 11.883 11.801 11.718 11.660    0.034 0.042 0.031 0.035 0.040  A 218254
   4176.79218 11.816 11.862 11.731 11.626 11.596    0.041 0.056 0.038 0.044 0.051  A 218563
   4179.73594 11.824 11.800 11.723 11.646 11.602    0.036 0.054 0.035 0.042 0.048  A 218870
   4181.74978 11.819 11.828 11.763 11.686 11.638    0.050 0.056 0.052 0.062 0.072  B 219151
   4183.77044 11.762 11.839 11.675 11.605 11.606    0.039 0.047 0.042 0.049 0.056  A 219450
   4230.60899 29.999 29.999 29.999 29.999 29.999    0.040 0.051 0.037 0.040 0.043  C 223677
   4343.91689 11.985 12.019 11.941 11.903 11.913    0.039 0.048 0.039 0.046 0.053  A 237375
   4348.91133 11.812 11.848 11.734 11.677 11.694    0.044 0.060 0.043 0.050 0.056  A 238229
   4358.90135 11.780 11.760 11.722 11.699 11.691    0.035 0.042 0.031 0.036 0.040  A 239722
   4367.88837 11.811 11.865 11.783 11.719 11.745    0.039 0.045 0.038 0.045 0.052  A 240931
   4371.87662 11.912 11.906 11.835 11.748 11.674    0.039 0.047 0.038 0.044 0.051  A 241555
   4376.87216 11.927 11.935 11.890 11.843 11.842    0.037 0.041 0.037 0.044 0.050  A 242205
   4380.85780 11.987 12.009 11.927 11.843 11.826    0.042 0.052 0.042 0.048 0.055  A 242796
   4407.84837 11.840 11.848 11.789 11.731 11.696    0.034 0.039 0.034 0.040 0.046  A 245653
   4410.83775 11.752 11.772 11.710 11.642 11.630    0.037 0.047 0.035 0.040 0.046  A 246035
   4421.83413 11.513 11.544 11.495 11.440 11.450    0.037 0.042 0.036 0.043 0.049  A 246607
   4429.77290 11.679 11.757 11.661 11.616 11.599    0.040 0.044 0.039 0.046 0.053  A 247347
   4432.79776 29.999 29.999 29.999 29.999 29.999    0.038 0.041 0.036 0.043 0.050  C 247721
   4435.81481 11.692 11.725 11.660 11.589 11.593    0.032 0.041 0.030 0.035 0.039  A 248088
   4438.79774 11.797 11.805 11.733 11.620 11.579    0.035 0.044 0.036 0.040 0.044  A 248458
   4448.73219 12.068 12.036 12.002 11.931 11.871    0.034 0.046 0.029 0.034 0.038  A 249540
   4484.82206 11.668 11.623 11.607 11.514 11.464    0.039 0.059 0.035 0.041 0.047  A 253538
   4491.77173 11.721 11.703 11.689 11.647 11.629    0.033 0.038 0.032 0.038 0.043  A 254324
   4504.82788 11.858 11.941 11.803 11.723 11.689    0.034 0.041 0.030 0.035 0.040  A 255765
   4511.80050 29.999 29.999 29.999 29.999 29.999    0.045 0.050 0.046 0.055 0.064  C 256733
   4523.79021 11.801 11.870 11.751 11.726 11.701    0.033 0.038 0.032 0.037 0.041  A 258205
   4540.76256 11.745 11.801 11.654 11.567 11.545    0.049 0.060 0.050 0.057 0.066  B 260550
   4557.73918 11.841 11.855 11.772 11.686 11.674    0.036 0.044 0.033 0.038 0.043  A 263059
   4564.69356 11.964 12.034 11.875 11.792 11.770    0.042 0.062 0.037 0.041 0.045  A 264213
#ndata= 21
#dataset= 3 ; 1 F0936-56_072
#desig= 085833-6115.9
#cra=    8.975929  08:58:33.3
#cdec= -61.265234 -61:15:54.8
#class= 0
#cmag_0= 11.966
#cmer_0=  0.165
#nskip_0= 0
#cmag_1= 11.875
#cmer_1=  0.139
#nskip_1= 0
#cmag_2= 11.818
#cmer_2=  0.111
#nskip_2= 0
#cmag_3= 11.731
#cmer_3=  0.115
#nskip_3= 0
#cmag_4= 11.727
#cmer_4=  0.117
#nskip_4= 0
#ra=    8.975929  08:58:33.3
#dec= -61.265234 -61:15:54.8
#     HJD      MAG_1  MAG_0  MAG_2  MAG_3  MAG_4    MER_1 MER_0 MER_2 MER_3 MER_4 GRADE FRAME
   2212.82532 11.817 11.857 11.731 11.635 11.618    0.042 0.051 0.038 0.043 0.049  A 38002
   3357.79699 29.999 29.999 29.999 29.999 29.999    0.033 0.040 0.033 0.037 0.041  C 124635
   3363.78182 11.723 11.715 11.659 11.581 11.549    0.037 0.049 0.037 0.043 0.049  A 124988
   3367.72986 11.594 11.686 11.542 11.513 11.575    0.059 0.063 0.066 0.081 0.095  D 125285
   3386.70816 11.958 12.046 11.882 11.796 11.759    0.037 0.039 0.039 0.045 0.051  A 126193
   3391.69400 12.054 12.093 11.980 11.886 11.858    0.034 0.043 0.034 0.040 0.045  A 126852
   3670.84250 11.717 11.823 11.660 11.587 11.601    0.035 0.042 0.033 0.039 0.044  A 164183
   4089.79117 11.831 11.883 11.764 11.676 11.693    0.049 0.046 0.041 0.045 0.052  A 209182
   4107.81244 29.999 29.999 29.999 29.999 29.999    0.031 0.034 0.031 0.037 0.041  C 211162
   4147.70109 29.999 29.999 29.999 29.999 29.999    0.039 0.040 0.041 0.047 0.052  C 214587
   4167.80976 11.827 11.926 11.798 11.718 11.688    0.040 0.047 0.041 0.050 0.056  A 217373
   4349.91257 12.071 12.345 11.806 11.650 11.609    0.044 0.060 0.042 0.049 0.054  A 238387
   4358.90357 11.831 11.926 11.744 11.642 11.650    0.035 0.037 0.033 0.039 0.045  A 239723
   4364.89696 11.812 11.852 11.762 11.721 11.751    0.037 0.040 0.035 0.040 0.046  A 240590
   4377.88151 12.000 12.024 11.954 11.921 11.944    0.043 0.050 0.045 0.052 0.059  A 242344
   4381.88350 12.061 12.123 11.977 11.810 11.829    0.041 0.044 0.042 0.051 0.059  A 242957
   4385.87285 12.052 12.170 12.013 11.963 11.957    0.038 0.041 0.034 0.039 0.044  A 243575
   4403.86732 29.999 29.999 29.999 29.999 29.999    0.040 0.048 0.040 0.047 0.053  C 245339
   4430.78767 29.999 29.999 29.999 29.999 29.999    0.038 0.040 0.040 0.049 0.057  C 247462
   4436.82258 29.999 29.999 29.999 29.999 29.999    0.038 0.046 0.037 0.044 0.051  C 248218
   4439.82444 29.999 29.999 29.999 29.999 29.999    0.041 0.048 0.042 0.050 0.055  C 248590
