#ndata= 201
#dataset= 1 ; 1 F0848-56_071
#desig= 091314-5118.0
#cra=    9.220516  09:13:13.9
#cdec= -51.300068 -51:18:00.2
#class= 0
#cmag_0= 10.865
#cmer_0=  0.049
#nskip_0= 15
#cmag_1= 10.851
#cmer_1=  0.039
#nskip_1= 20
#cmag_2= 10.859
#cmer_2=  0.039
#nskip_2= 21
#cmag_3= 10.870
#cmer_3=  0.047
#nskip_3= 15
#cmag_4= 10.869
#cmer_4=  0.051
#nskip_4= 13
#ra=    9.220516  09:13:13.9
#dec= -51.300068 -51:18:00.2
#     HJD      MAG_2  MAG_0  MAG_1  MAG_3  MAG_4    MER_2 MER_0 MER_1 MER_3 MER_4 GRADE FRAME
   1884.75460 10.812 10.777 10.810 10.814 10.816    0.026 0.036 0.028 0.031 0.034  A 2314
   1904.75905 10.916 10.892 10.919 10.916 10.917    0.025 0.035 0.028 0.030 0.034  A 3881
   1906.73781 10.861 10.819 10.807 10.882 10.885    0.026 0.041 0.030 0.030 0.034  A 4196
   1913.71115 10.849 10.832 10.850 10.865 10.858    0.023 0.027 0.024 0.028 0.030  A 4640
   1914.72060 11.016 11.024 11.029 11.012 11.002    0.026 0.032 0.027 0.030 0.034  A 4806
   1915.72037 10.829 10.829 10.814 10.826 10.813    0.027 0.038 0.028 0.031 0.036  A 4964
   1919.75845 10.833 10.814 10.845 10.848 10.818    0.028 0.035 0.032 0.033 0.037  A 5354
   1920.71271 10.886 10.876 10.867 10.879 10.864    0.028 0.033 0.030 0.032 0.037  A 5496
   1921.70914 10.901 10.905 10.869 10.931 10.929    0.029 0.038 0.032 0.034 0.039  A 5652
   1924.70040 10.895 10.925 10.869 10.904 10.881    0.029 0.037 0.031 0.034 0.039  A 6135
   1928.69954 10.814 10.798 10.817 10.804 10.801    0.025 0.036 0.028 0.030 0.034  A 6798
   1929.69482 10.856 10.865 10.862 10.848 10.843    0.025 0.036 0.029 0.030 0.034  A 6951
   1930.69311 11.073 11.080 11.069 11.087 11.105    0.024 0.032 0.029 0.028 0.032  A 7116
   1931.68783 10.852 10.868 10.811 10.872 10.891    0.025 0.035 0.031 0.029 0.034  A 7284
   1932.68568 10.853 10.851 10.819 10.833 10.830    0.024 0.034 0.029 0.028 0.032  A 7446
   1934.68223 10.860 10.909 10.854 10.859 10.855    0.024 0.033 0.029 0.028 0.032  A 7773
   1936.65128 10.870 10.860 10.863 10.887 10.888    0.024 0.033 0.030 0.028 0.032  A 8024
   1937.69606 10.857 10.890 10.814 10.887 10.890    0.025 0.037 0.032 0.028 0.031  A 8158
   1939.63183 10.859 10.883 10.867 10.858 10.821    0.026 0.036 0.032 0.029 0.033  A 8382
   1940.70259 10.845 10.813 10.870 10.848 10.841    0.025 0.035 0.032 0.028 0.031  A 8524
   1941.69771 10.804 10.763 10.812 10.805 10.800    0.026 0.036 0.033 0.029 0.033  A 8631
   1946.67823 11.001 11.033 11.019 11.020 11.019    0.028 0.034 0.032 0.032 0.037  A 8811
   1948.61128 10.795 10.825 10.789 10.773 10.765    0.029 0.035 0.032 0.034 0.039  A 9040
   1949.65520 11.000 11.007 10.998 11.006 11.019    0.028 0.037 0.033 0.032 0.036  A 9198
   1950.64390 10.847 10.874 10.854 10.848 10.845    0.028 0.038 0.034 0.032 0.036  A 9368
   1953.64837 10.833 10.867 10.822 10.829 10.836    0.030 0.045 0.040 0.033 0.034  A 9676
   1958.62052 10.849 10.841 10.851 10.849 10.826    0.033 0.048 0.042 0.036 0.035  A 10195
   1959.63275 10.984 10.984 10.982 10.984 10.972    0.032 0.047 0.041 0.036 0.037  A 10400
   1963.60979 10.846 10.874 10.821 10.868 10.842    0.035 0.051 0.043 0.039 0.037  A 10800
   1964.62204 10.864 10.871 10.844 10.871 10.870    0.032 0.048 0.041 0.034 0.035  A 10984
   1965.61298 11.055 10.950 11.016 11.072 11.099    0.036 0.052 0.044 0.039 0.037  A 11166
   1966.61503 10.863 10.862 10.871 10.873 10.862    0.036 0.054 0.044 0.039 0.038  A 11353
   1967.60983 10.855 10.861 10.845 10.872 10.860    0.037 0.054 0.046 0.041 0.039  A 11517
   1968.60727 10.883 10.873 10.878 10.864 10.856    0.038 0.057 0.048 0.042 0.040  A 11691
   1977.58956 10.891 10.902 10.862 10.890 10.888    0.047 0.067 0.057 0.051 0.050  B 11932
   1979.57679 10.772 10.806 10.775 10.791 10.792    0.047 0.069 0.057 0.050 0.050  B 12202
   1980.59547 10.862 10.848 10.832 10.893 10.871    0.044 0.064 0.053 0.048 0.047  B 12356
   1982.54575 10.851 10.858 10.835 10.856 10.865    0.037 0.056 0.048 0.040 0.038  A 12707
   1985.57614 10.912 10.890 10.893 10.941 10.923    0.048 0.071 0.059 0.049 0.048  D 13131
   1993.55604 10.879 10.903 10.874 10.863 10.874    0.052 0.080 0.065 0.055 0.054  D 13290
   2025.46593 11.447 11.675 11.537 11.439 11.472    0.028 0.043 0.028 0.033 0.037  A 17118
   2027.52372 10.857 10.807 10.840 10.853 10.829    0.031 0.050 0.031 0.036 0.041  A 17576
   2038.59168 11.055 10.990 11.048 11.061 11.032    0.071 0.076 0.067 0.079 0.084  D 19080
   2053.47975 10.807 10.789 10.802 10.822 10.811    0.028 0.045 0.028 0.034 0.038  A 19965
   2055.50532 10.869 10.845 10.855 10.871 10.869    0.037 0.070 0.038 0.043 0.049  B 20413
   2057.50588 10.842 10.761 10.828 10.837 10.843    0.031 0.059 0.032 0.037 0.041  A 20869
   2060.46456 10.790 10.917 10.806 10.757 10.767    0.071 0.076 0.062 0.086 0.102  D 21336
   2064.52085 10.986 10.980 10.988 10.964 10.963    0.033 0.037 0.031 0.039 0.044  A 21591
   2068.49916 10.865 10.905 10.860 10.870 10.860    0.030 0.033 0.029 0.033 0.038  A 22016
   2071.46296 10.811 10.718 10.762 10.837 10.876    0.070 0.068 0.061 0.085 0.100  D 22668
   2081.48860 10.834 10.836 10.845 10.835 10.836    0.041 0.048 0.048 0.044 0.046  A 23061
   2440.46480 10.850 10.845 10.852 10.852 10.858    0.024 0.035 0.028 0.028 0.032  A 7985
   2443.47179 10.811 10.867 10.820 10.816 10.817    0.025 0.038 0.031 0.028 0.032  A 8602
   2456.45755 10.868 10.866 10.868 10.884 10.883    0.026 0.037 0.034 0.029 0.030  A 10000
   2466.45802 10.866 10.860 10.852 10.862 10.862    0.026 0.038 0.034 0.029 0.031  A 11201
   2632.80157 10.829 10.843 10.832 10.822 10.828    0.032 0.031 0.032 0.034 0.037  A 32004
   2642.71234 10.863 10.834 10.879 10.876 10.850    0.034 0.030 0.036 0.037 0.039  A 33298
   2651.69155 10.839 10.842 10.837 10.835 10.837    0.033 0.030 0.033 0.035 0.036  A 34459
   2658.71296 10.871 10.871 10.847 10.891 10.907    0.038 0.033 0.039 0.044 0.046  A 35631
   2660.70836 10.857 10.837 10.882 10.856 10.838    0.049 0.039 0.048 0.055 0.060  A 35969
   2662.70537 11.051 11.025 11.045 11.060 11.044    0.035 0.029 0.035 0.039 0.042  A 36309
   2664.69680 10.873 10.917 10.832 10.863 10.890    0.040 0.034 0.040 0.045 0.051  A 36649
   2666.69440 10.865 10.870 10.876 10.862 10.855    0.035 0.029 0.036 0.040 0.043  A 36975
   2670.69344 10.870 10.866 10.835 10.906 10.915    0.032 0.028 0.032 0.035 0.038  A 37613
   2672.69424 10.881 10.881 10.885 10.890 10.891    0.037 0.030 0.036 0.040 0.042  A 37948
   2674.68207 10.906 10.869 10.865 10.924 10.933    0.034 0.030 0.034 0.037 0.038  A 38286
   2676.66841 10.843 10.837 10.849 10.843 10.830    0.041 0.035 0.041 0.045 0.047  A 38646
   2678.65390 11.029 11.078 11.017 11.034 11.053    0.034 0.028 0.034 0.037 0.039  A 38982
   2679.78177 10.856 10.911 10.844 10.867 10.856    0.033 0.042 0.036 0.038 0.041  A 39196
   2681.69672 11.057 11.061 11.071 11.051 11.028    0.036 0.030 0.033 0.038 0.041  A 39483
   2683.68289 10.836 10.888 10.819 10.829 10.825    0.034 0.030 0.035 0.037 0.041  A 39834
   2688.78127 10.809 10.908 10.796 10.840 10.835    0.037 0.042 0.044 0.040 0.044  A 40783
   2690.71836 10.908 10.854 10.892 10.908 10.906    0.028 0.034 0.028 0.030 0.033  A 41127
   2692.77506 10.852 10.836 10.836 10.864 10.866    0.027 0.032 0.028 0.032 0.035  A 41468
   2694.69863 10.885 10.937 10.875 10.921 10.932    0.025 0.027 0.025 0.027 0.030  A 41792
   2696.71377 10.852 10.888 10.869 10.865 10.861    0.024 0.027 0.024 0.028 0.031  A 42123
   2698.70900 10.827 10.810 10.834 10.829 10.843    0.024 0.026 0.025 0.028 0.032  A 42538
   2700.69223 11.084 11.009 11.068 11.104 11.089    0.026 0.033 0.027 0.030 0.033  A 42918
   2704.65976 10.843 10.851 10.828 10.863 10.864    0.032 0.031 0.030 0.032 0.033  A 43670
   2706.63874 10.898 10.859 10.884 10.919 10.919    0.032 0.029 0.032 0.036 0.038  A 44031
   2707.80873 10.852 10.856 10.831 10.859 10.850    0.034 0.033 0.030 0.040 0.044  A 44280
   2709.68013 10.856 10.869 10.862 10.846 10.852    0.024 0.026 0.025 0.028 0.032  A 44590
   2711.62444 10.848 10.912 10.812 10.854 10.864    0.031 0.031 0.040 0.033 0.034  A 44939
   2712.77324 10.992 11.100 11.027 10.994 11.003    0.026 0.028 0.026 0.029 0.032  A 45181
   2714.61805 10.909 10.854 10.864 10.946 10.940    0.030 0.027 0.033 0.032 0.033  A 45505
   2715.71597 10.885 10.888 10.858 10.890 10.886    0.033 0.040 0.037 0.038 0.041  A 45727
   2719.60686 10.889 10.863 10.894 10.885 10.884    0.030 0.029 0.030 0.032 0.035  A 46085
   2720.73170 10.836 10.816 10.833 10.849 10.835    0.025 0.034 0.032 0.028 0.032  A 46332
   2722.64211 10.869 10.855 10.872 10.875 10.865    0.026 0.033 0.026 0.027 0.030  A 46683
   2724.64003 10.927 10.820 10.877 10.933 10.933    0.023 0.031 0.026 0.025 0.027  A 47064
   2726.63844 10.902 10.903 10.878 10.892 10.887    0.024 0.030 0.027 0.026 0.029  A 47463
   2728.62975 10.832 10.920 10.808 10.828 10.828    0.025 0.037 0.027 0.028 0.032  A 47854
   2730.62575 10.861 10.836 10.870 10.867 10.869    0.024 0.033 0.027 0.027 0.029  A 48261
   2733.67221 10.853 10.871 10.813 10.903 10.930    0.026 0.034 0.026 0.030 0.033  A 48635
   2735.66807 11.006 11.042 11.003 11.016 11.020    0.025 0.029 0.025 0.029 0.032  A 49039
   2737.65522 10.829 10.898 10.809 10.842 10.835    0.026 0.039 0.029 0.028 0.030  A 49430
   2739.64547 10.867 10.888 10.842 10.859 10.873    0.030 0.039 0.035 0.034 0.038  A 49761
   2741.61289 10.849 10.865 10.842 10.854 10.854    0.040 0.037 0.048 0.041 0.041  A 50141
   2742.70271 10.852 10.836 10.832 10.854 10.838    0.041 0.038 0.036 0.047 0.056  A 50386
   2747.64959 10.847 10.947 10.846 10.860 10.870    0.031 0.040 0.030 0.036 0.041  A 51009
   2751.55135 10.918 10.923 10.921 10.921 10.910    0.023 0.030 0.023 0.026 0.029  A 51792
   2756.55150 10.830 10.840 10.817 10.828 10.832    0.026 0.026 0.027 0.029 0.032  A 52619
   2758.54236 10.964 10.845 10.918 10.979 10.969    0.090 0.072 0.078 0.107 0.123  D 53038
   2760.55771 10.823 10.892 10.823 10.833 10.841    0.031 0.030 0.029 0.032 0.034  A 53391
   2764.54113 11.024 11.088 11.038 11.033 11.038    0.033 0.033 0.031 0.033 0.034  A 54205
   2766.59874 10.830 10.794 10.824 10.830 10.826    0.027 0.031 0.027 0.030 0.033  A 54508
   2770.59576 10.978 10.986 10.948 10.991 10.987    0.028 0.028 0.028 0.032 0.036  A 54838
   2775.51080 10.842 10.830 10.835 10.854 10.857    0.027 0.028 0.028 0.032 0.036  A 55029
   2776.61213 10.856 10.854 10.854 10.845 10.817    0.030 0.032 0.028 0.035 0.039  A 55297
   2782.53835 10.872 10.859 10.867 10.877 10.869    0.025 0.036 0.029 0.028 0.032  A 55673
   2784.53871 10.864 10.852 10.840 10.864 10.871    0.025 0.035 0.031 0.027 0.031  A 56100
   2786.53432 10.902 10.884 10.905 10.902 10.906    0.023 0.027 0.026 0.026 0.030  A 56524
   2789.53039 10.861 10.863 10.862 10.878 10.876    0.026 0.031 0.027 0.029 0.032  A 57062
   2791.55860 10.818 10.852 10.834 10.830 10.831    0.042 0.042 0.042 0.050 0.056  A 57517
   2794.51527 10.856 10.832 10.883 10.843 10.836    0.028 0.038 0.035 0.029 0.032  A 58015
   2797.50781 10.844 10.855 10.838 10.830 10.802    0.041 0.036 0.038 0.050 0.059  A 58570
   2804.48468 10.838 10.854 10.816 10.850 10.872    0.034 0.033 0.036 0.040 0.046  A 58980
   2809.48849 10.920 10.922 10.891 10.925 10.927    0.025 0.036 0.027 0.028 0.032  A 59442
   2811.49955 10.840 10.837 10.839 10.850 10.861    0.023 0.027 0.025 0.027 0.030  A 59898
   2813.49767 10.830 10.789 10.808 10.834 10.825    0.026 0.033 0.026 0.030 0.035  A 60353
   2821.48704 10.939 10.975 10.936 10.941 10.944    0.027 0.032 0.028 0.032 0.038  A 61674
   2826.47874 10.844 10.824 10.852 10.844 10.849    0.023 0.031 0.030 0.026 0.029  A 61970
   2830.48022 10.873 10.867 10.885 10.867 10.849    0.027 0.033 0.030 0.032 0.036  A 62445
   2833.46907 10.975 10.922 10.957 10.950 10.932    0.075 0.064 0.067 0.094 0.116  D 63075
   2838.45911 11.081 10.965 11.016 11.152 11.217    0.074 0.063 0.065 0.090 0.104  D 63825
   2948.84284 10.851 10.838 10.852 10.874 10.830    0.035 0.033 0.033 0.037 0.038  A 79198
   2955.81513 99.999 99.999 99.999 99.999 99.999    0.026 0.024 0.026 0.031 0.036  C 80158
   2961.83738 10.844 10.839 10.846 10.845 10.840    0.028 0.028 0.029 0.033 0.038  A 80998
   2967.80825 10.864 10.898 10.848 10.877 10.875    0.024 0.026 0.024 0.029 0.033  A 81837
   2971.77481 10.809 10.817 10.818 10.814 10.833    0.025 0.024 0.025 0.028 0.032  A 82301
   2978.80983 10.873 10.863 10.881 10.872 10.862    0.025 0.027 0.025 0.030 0.034  A 83196
   2981.76676 10.829 10.861 10.837 10.832 10.834    0.031 0.028 0.029 0.037 0.043  A 83563
   2990.76055 10.806 10.829 10.818 10.811 10.820    0.025 0.025 0.027 0.029 0.032  A 84691
   2993.75870 10.824 10.865 10.807 10.838 10.831    0.029 0.030 0.030 0.033 0.036  A 85103
   2996.74209 10.814 10.816 10.810 10.816 10.829    0.024 0.026 0.024 0.028 0.033  A 85486
   3001.79020 10.917 10.924 10.910 10.930 10.924    0.023 0.025 0.025 0.027 0.031  A 86047
   3006.71447 10.834 10.826 10.840 10.831 10.813    0.025 0.026 0.025 0.030 0.035  A 86617
   3008.74611 10.859 10.851 10.840 10.872 10.877    0.033 0.033 0.034 0.038 0.041  A 86885
   3010.76585 10.902 10.922 10.915 10.903 10.908    0.027 0.026 0.028 0.031 0.036  A 87160
   3013.69457 10.849 10.864 10.816 10.859 10.865    0.027 0.025 0.027 0.031 0.036  A 87535
   3016.74799 10.872 10.884 10.863 10.893 10.893    0.026 0.028 0.028 0.031 0.034  A 87786
   3023.74484 11.051 11.052 11.048 11.027 10.985    0.036 0.040 0.037 0.043 0.051  A 88336
   3030.75605 10.834 10.855 10.799 10.846 10.848    0.026 0.025 0.026 0.031 0.035  A 88772
   3033.64430 11.018 11.008 11.004 11.028 11.023    0.026 0.026 0.025 0.030 0.034  A 89028
   3035.70450 10.867 10.858 10.841 10.887 10.894    0.027 0.028 0.027 0.032 0.037  A 89275
   3039.71027 10.976 11.036 10.987 10.979 10.999    0.032 0.034 0.030 0.039 0.045  A 89552
   3042.70155 10.908 10.926 10.898 10.903 10.883    0.030 0.032 0.030 0.036 0.042  A 89818
   3044.72548 10.810 10.827 10.796 10.811 10.805    0.026 0.027 0.027 0.031 0.036  A 90087
   3047.67075 10.825 10.790 10.815 10.828 10.824    0.027 0.027 0.026 0.033 0.037  A 90476
   3050.64640 10.810 10.802 10.818 10.821 10.805    0.023 0.024 0.026 0.026 0.029  A 90865
   3052.78528 10.861 10.873 10.867 10.871 10.863    0.026 0.026 0.026 0.030 0.035  A 91184
   3057.64398 10.837 10.813 10.823 10.853 10.855    0.025 0.026 0.025 0.030 0.034  A 91821
   3059.68870 10.869 10.831 10.866 10.885 10.876    0.026 0.026 0.025 0.031 0.034  A 92099
   3061.71660 10.960 10.962 10.939 10.964 10.966    0.028 0.029 0.027 0.032 0.037  A 92384
   3066.80435 10.809 10.793 10.845 10.821 10.808    0.027 0.029 0.028 0.032 0.037  A 92957
   3066.84984 10.846 10.843 10.834 10.845 10.842    0.030 0.028 0.029 0.034 0.040  A 92974
   3068.70880 10.852 10.870 10.851 10.853 10.859    0.030 0.029 0.029 0.035 0.041  A 93218
   3070.73447 10.825 10.842 10.839 10.837 10.834    0.031 0.032 0.029 0.037 0.043  A 93513
   3072.81985 10.855 10.862 10.825 10.913 10.984    0.043 0.037 0.040 0.052 0.060  A 93796
   3075.59453 10.885 10.860 10.886 10.870 10.867    0.025 0.025 0.025 0.029 0.032  A 94123
   3077.63454 10.868 10.875 10.853 10.857 10.879    0.034 0.031 0.032 0.038 0.042  A 94420
   3079.63336 10.856 10.841 10.842 10.870 10.874    0.040 0.036 0.037 0.048 0.056  A 94709
   3081.63432 10.868 10.879 10.860 10.879 10.888    0.025 0.026 0.026 0.030 0.035  A 95005
   3085.63809 10.834 10.836 10.830 10.839 10.861    0.032 0.030 0.029 0.040 0.046  A 95296
   3087.63401 11.011 11.020 11.033 11.035 11.018    0.052 0.047 0.048 0.061 0.071  B 95607
   3089.67202 10.850 10.828 10.871 10.863 10.859    0.033 0.033 0.032 0.039 0.044  A 95922
   3091.65330 10.832 10.821 10.833 10.836 10.832    0.028 0.033 0.028 0.034 0.039  A 96225
   3093.63521 10.914 10.938 10.906 10.913 10.897    0.036 0.032 0.036 0.041 0.046  A 96525
   3097.63572 10.844 10.850 10.831 10.840 10.840    0.030 0.031 0.029 0.036 0.041  A 96810
   3099.68698 11.020 10.894 10.951 11.115 11.140    0.113 0.082 0.095 0.142 0.173  D 97136
   3101.70929 10.824 10.835 10.815 10.830 10.836    0.033 0.031 0.030 0.041 0.047  A 97453
   3103.70777 10.851 10.858 10.833 10.880 10.893    0.033 0.030 0.030 0.039 0.045  A 97768
   3105.69308 10.804 10.851 10.815 10.803 10.800    0.032 0.030 0.030 0.039 0.044  A 98083
   3107.69690 10.796 10.816 10.792 10.802 10.803    0.028 0.028 0.028 0.033 0.038  A 98399
   3109.69301 11.033 11.023 11.033 11.025 11.034    0.027 0.027 0.028 0.032 0.036  A 98710
   3112.50346 10.833 10.878 10.816 10.844 10.861    0.025 0.026 0.025 0.029 0.033  A 99111
   3114.53257 10.860 10.852 10.845 10.865 10.864    0.025 0.026 0.024 0.029 0.034  A 99454
   3116.56630 10.938 10.958 10.930 10.921 10.918    0.037 0.035 0.036 0.044 0.050  A 99793
   3121.52764 10.833 10.822 10.835 10.837 10.835    0.026 0.028 0.025 0.032 0.036  A 100051
   3123.55252 10.834 10.841 10.817 10.839 10.822    0.026 0.028 0.025 0.031 0.034  A 100348
   3125.58381 11.037 11.030 11.021 11.046 11.042    0.029 0.028 0.027 0.035 0.039  A 100695
   3127.61250 10.796 10.831 10.806 10.805 10.817    0.041 0.033 0.036 0.050 0.059  A 101020
   3129.65431 10.878 10.885 10.866 10.899 10.910    0.038 0.033 0.034 0.046 0.054  A 101370
   3131.64400 10.946 10.916 10.938 10.963 10.935    0.035 0.033 0.032 0.042 0.049  A 101653
   3133.64734 10.822 10.835 10.846 10.805 10.788    0.030 0.029 0.029 0.036 0.041  A 101988
   3142.55193 99.999 99.999 99.999 99.999 99.999    0.025 0.026 0.025 0.030 0.034  C 103079
   3145.58213 10.832 10.873 10.814 10.836 10.832    0.026 0.027 0.028 0.031 0.035  A 103396
   3153.49342 10.847 10.824 10.858 10.844 10.852    0.039 0.036 0.036 0.047 0.055  A 103713
   3155.57967 10.858 10.821 10.865 10.877 10.857    0.073 0.062 0.066 0.087 0.099  D 104068
   3159.48511 10.850 10.814 10.843 10.888 10.902    0.034 0.033 0.033 0.041 0.048  A 104523
   3162.52832 10.825 10.820 10.828 10.825 10.823    0.029 0.031 0.029 0.034 0.038  A 104807
   3164.54760 10.842 10.806 10.852 10.849 10.866    0.027 0.027 0.027 0.032 0.037  A 105167
   3167.55111 10.850 10.873 10.841 10.842 10.853    0.026 0.029 0.026 0.031 0.035  A 105551
   3171.50032 10.942 10.903 10.917 10.945 10.929    0.028 0.028 0.028 0.033 0.036  A 106138
   3175.50108 10.842 10.810 10.850 10.836 10.846    0.028 0.030 0.028 0.033 0.038  A 106541
   3177.51423 10.860 10.869 10.853 10.874 10.886    0.030 0.028 0.028 0.034 0.039  A 106863
   3182.49651 10.859 10.854 10.860 10.867 10.865    0.031 0.029 0.028 0.037 0.043  A 107453
   3186.47971 10.978 10.963 10.975 10.971 10.973    0.031 0.030 0.030 0.036 0.042  A 108051
   3380.82696 10.869 10.889 10.851 10.914 10.943    0.036 0.035 0.033 0.042 0.049  A 125564
   3630.85283 10.823 10.879 10.828 10.817 10.813    0.043 0.043 0.040 0.052 0.060  A 158862
   3630.87936 10.871 10.863 10.900 10.861 10.884    0.046 0.058 0.045 0.054 0.061  A 158872
#ndata= 170
#dataset= 2 ; 1 F0936-56_072
#desig= 091315-5118.0
#cra=    9.220805  09:13:14.9
#cdec= -51.299244 -51:17:57.3
#class= 0
#cmag_0= 10.863
#cmer_0=  0.075
#nskip_0= 1
#cmag_1= 10.871
#cmer_1=  0.072
#nskip_1= 3
#cmag_2= 10.894
#cmer_2=  0.071
#nskip_2= 3
#cmag_3= 10.902
#cmer_3=  0.072
#nskip_3= 3
#cmag_4= 10.909
#cmer_4=  0.075
#nskip_4= 1
#ra=    9.220805  09:13:14.9
#dec= -51.299244 -51:17:57.3
#     HJD      MAG_2  MAG_0  MAG_1  MAG_3  MAG_4    MER_2 MER_0 MER_1 MER_3 MER_4 GRADE FRAME
   1884.77004 10.850 10.819 10.843 10.856 10.867    0.029 0.036 0.030 0.035 0.040  A 2321
   1904.69865 10.872 10.772 10.832 10.889 10.891    0.035 0.057 0.035 0.041 0.047  A 3855
   1913.74087 10.848 10.801 10.811 10.881 10.889    0.028 0.032 0.027 0.034 0.039  A 4652
   1914.74736 11.013 10.994 10.993 11.018 11.014    0.031 0.041 0.032 0.037 0.043  A 4817
   1928.71967 10.872 10.816 10.830 10.877 10.876    0.030 0.038 0.032 0.036 0.041  A 6807
   1931.70798 10.848 10.839 10.837 10.855 10.883    0.036 0.042 0.040 0.042 0.047  A 7293
   1934.70247 10.853 10.830 10.825 10.860 10.852    0.028 0.034 0.031 0.032 0.037  A 7782
   1936.67635 10.879 10.886 10.853 10.875 10.900    0.028 0.036 0.033 0.033 0.037  A 8030
   1937.71395 10.871 10.832 10.850 10.890 10.891    0.027 0.037 0.033 0.032 0.036  A 8163
   1941.65127 10.790 10.785 10.770 10.797 10.814    0.028 0.035 0.033 0.032 0.037  A 8618
   1945.70330 10.823 10.821 10.826 10.822 10.828    0.030 0.039 0.035 0.034 0.039  A 8697
   1946.71134 10.970 10.922 10.973 10.968 10.971    0.031 0.036 0.035 0.036 0.041  A 8821
   1948.63671 10.848 10.803 10.825 10.855 10.848    0.033 0.037 0.034 0.039 0.043  A 9048
   1949.68244 11.106 11.045 11.054 11.128 11.120    0.032 0.040 0.037 0.037 0.043  A 9209
   1950.66445 10.789 10.770 10.782 10.789 10.777    0.032 0.038 0.036 0.036 0.041  A 9376
   1953.66201 10.815 10.760 10.792 10.817 10.826    0.034 0.047 0.042 0.037 0.040  A 9682
   1958.64131 10.921 10.812 10.887 10.933 10.927    0.035 0.050 0.043 0.040 0.040  A 10203
   1959.65222 10.962 10.906 10.952 10.960 10.979    0.037 0.053 0.045 0.042 0.042  A 10407
   1961.67992 10.868 10.853 10.842 10.889 10.888    0.034 0.049 0.043 0.038 0.040  A 10497
   1962.68039 10.956 10.932 10.964 10.956 10.972    0.040 0.056 0.048 0.043 0.044  A 10646
   1963.65172 10.841 10.740 10.828 10.838 10.864    0.039 0.058 0.048 0.044 0.043  A 10817
   1964.64258 10.850 10.866 10.810 10.862 10.875    0.035 0.052 0.045 0.040 0.040  A 10993
   1965.63342 11.006 10.995 10.970 11.031 11.045    0.039 0.055 0.047 0.041 0.042  A 11175
   1966.63580 10.834 10.816 10.783 10.848 10.866    0.039 0.056 0.048 0.043 0.043  A 11361
   1967.63034 10.830 10.781 10.816 10.841 10.856    0.041 0.060 0.051 0.044 0.043  A 11526
   1968.63225 10.963 10.936 10.957 10.977 11.010    0.043 0.063 0.053 0.046 0.045  B 11702
   1977.60782 10.909 10.790 10.909 10.912 10.924    0.052 0.073 0.062 0.057 0.057  D 11940
   1980.61616 10.802 10.788 10.771 10.818 10.812    0.052 0.073 0.062 0.056 0.057  D 12365
   1981.62039 11.076 11.048 11.045 11.083 11.074    0.048 0.068 0.057 0.051 0.050  B 12553
   1982.60333 10.844 10.825 10.787 10.869 10.900    0.041 0.061 0.051 0.045 0.044  A 12732
   2059.49374 10.843 10.933 10.843 10.858 10.869    0.040 0.061 0.040 0.048 0.054  A 21291
   2080.50854 11.000 10.989 11.011 10.982 10.979    0.035 0.050 0.035 0.041 0.046  A 22842
   2085.46404 10.844 10.803 10.811 10.869 10.877    0.033 0.042 0.033 0.039 0.044  A 23744
   2088.47286 10.861 10.800 10.842 10.858 10.868    0.036 0.041 0.035 0.040 0.045  A 24421
   2441.52027 11.035 11.048 10.991 11.041 11.019    0.030 0.034 0.033 0.035 0.039  A 8231
   2454.46000 11.038 10.992 11.017 11.038 11.043    0.032 0.035 0.035 0.037 0.042  A 9776
   2464.47363 10.881 10.829 10.879 10.892 10.882    0.029 0.041 0.038 0.031 0.033  A 10769
   2468.46080 10.841 10.782 10.825 10.852 10.862    0.028 0.039 0.036 0.031 0.034  A 11639
   2629.78763 10.846 10.817 10.819 10.856 10.867    0.032 0.033 0.032 0.036 0.041  A 30936
   2636.82935 10.978 10.963 10.949 10.990 10.982    0.041 0.037 0.042 0.050 0.055  A 32453
   2662.73497 99.999 99.999 99.999 99.999 99.999    0.044 0.035 0.040 0.051 0.057  C 36322
   2664.72628 10.886 10.879 10.877 10.873 10.883    0.045 0.042 0.044 0.054 0.059  A 36662
   2670.73226 10.834 10.797 10.788 10.829 10.843    0.035 0.033 0.038 0.043 0.046  A 37630
   2672.73524 10.877 10.788 10.868 10.866 10.876    0.027 0.035 0.027 0.032 0.035  A 37966
   2674.72079 10.883 10.866 10.858 10.898 10.884    0.031 0.031 0.030 0.037 0.041  A 38303
   2676.70032 10.812 10.821 10.793 10.825 10.820    0.029 0.029 0.029 0.033 0.037  A 38660
   2683.82244 10.867 10.773 10.889 10.878 10.879    0.035 0.040 0.039 0.039 0.041  A 39894
   2689.67984 10.867 10.801 10.815 10.895 10.911    0.035 0.036 0.036 0.042 0.045  A 40925
   2691.68210 10.888 10.861 10.890 10.901 10.882    0.035 0.035 0.033 0.042 0.046  A 41301
   2694.85676 10.848 10.817 10.821 10.850 10.846    0.031 0.035 0.030 0.035 0.040  A 41858
   2701.65454 10.806 10.898 10.795 10.798 10.799    0.047 0.037 0.040 0.055 0.061  A 43092
   2707.64330 10.893 10.830 10.899 10.889 10.875    0.039 0.033 0.039 0.044 0.049  A 44210
   2710.61307 11.008 10.999 10.983 11.015 11.028    0.032 0.030 0.032 0.037 0.041  A 44739
   2711.72675 10.819 10.759 10.785 10.833 10.830    0.038 0.042 0.038 0.047 0.053  A 44981
   2713.67419 10.961 10.995 10.941 10.971 10.978    0.027 0.028 0.028 0.031 0.035  A 45334
   2714.77283 10.885 10.804 10.829 10.893 10.885    0.031 0.033 0.030 0.037 0.041  A 45572
   2717.64384 10.881 10.882 10.838 10.876 10.925    0.031 0.031 0.031 0.036 0.040  A 45858
   2725.77926 11.045 11.015 11.021 11.063 11.090    0.031 0.034 0.030 0.036 0.040  A 47325
   2727.69309 10.839 10.789 10.826 10.849 10.876    0.031 0.038 0.031 0.036 0.040  A 47677
   2732.73506 10.876 10.836 10.870 10.865 10.845    0.032 0.037 0.032 0.036 0.042  A 48454
   2734.59084 10.829 10.829 10.789 10.841 10.865    0.030 0.031 0.032 0.034 0.036  A 48806
   2736.55911 10.849 10.769 10.848 10.859 10.865    0.029 0.035 0.029 0.034 0.038  A 49180
   2737.74073 10.850 10.791 10.826 10.871 10.865    0.031 0.034 0.031 0.036 0.040  A 49466
   2739.67850 10.877 10.823 10.857 10.887 10.888    0.031 0.034 0.031 0.036 0.040  A 49775
   2741.63424 10.878 10.813 10.840 10.898 10.906    0.031 0.039 0.032 0.035 0.039  A 50150
   2742.73493 10.878 10.808 10.852 10.891 10.896    0.035 0.038 0.033 0.042 0.048  A 50399
   2744.62430 10.848 10.804 10.836 10.865 10.850    0.029 0.037 0.030 0.034 0.038  A 50728
   2747.66954 10.851 10.804 10.849 10.851 10.857    0.035 0.054 0.041 0.040 0.045  A 51017
   2750.71380 10.914 10.898 10.885 10.924 10.912    0.033 0.042 0.033 0.038 0.043  A 51666
   2752.63364 10.854 10.793 10.839 10.841 10.845    0.027 0.032 0.027 0.032 0.036  A 52022
   2754.72164 10.988 10.980 10.968 10.999 11.026    0.030 0.032 0.030 0.035 0.039  A 52279
   2756.68687 10.820 10.788 10.802 10.840 10.856    0.028 0.029 0.028 0.033 0.037  A 52676
   2759.50043 10.825 10.838 10.808 10.866 10.880    0.068 0.060 0.063 0.083 0.095  D 53160
   2760.67968 10.946 10.952 10.914 10.972 10.975    0.028 0.035 0.029 0.032 0.036  A 53443
   2762.64175 10.792 10.869 10.768 10.805 10.772    0.066 0.060 0.059 0.080 0.093  D 53835
   2764.62070 10.960 10.912 10.922 10.965 10.980    0.034 0.046 0.048 0.036 0.038  A 54239
   2766.63446 10.837 10.813 10.800 10.849 10.868    0.029 0.038 0.031 0.032 0.036  A 54523
   2770.61696 10.997 10.966 10.968 10.990 10.978    0.029 0.038 0.031 0.034 0.038  A 54847
   2775.51854 10.843 10.830 10.801 10.868 10.893    0.034 0.038 0.034 0.040 0.045  A 55032
   2776.62272 10.943 10.909 10.922 10.943 10.925    0.034 0.043 0.034 0.041 0.046  A 55301
   2782.54129 10.844 10.774 10.846 10.832 10.826    0.029 0.039 0.036 0.032 0.036  A 55674
   2784.54167 10.856 10.885 10.839 10.863 10.897    0.028 0.035 0.032 0.032 0.036  A 56101
   2789.53331 10.917 10.885 10.912 10.929 10.902    0.033 0.038 0.046 0.037 0.039  A 57063
   2794.51817 10.850 10.800 10.803 10.839 10.839    0.030 0.054 0.036 0.034 0.039  A 58016
   2797.51068 10.743 10.847 10.736 10.753 10.761    0.048 0.046 0.046 0.058 0.066  B 58571
   2804.48752 10.855 10.777 10.840 10.857 10.847    0.040 0.042 0.045 0.046 0.052  A 58981
   2809.49128 10.902 10.900 10.860 10.892 10.878    0.032 0.042 0.035 0.035 0.039  A 59443
   2811.50234 10.867 10.841 10.830 10.872 10.873    0.027 0.030 0.030 0.029 0.033  A 59899
   2813.50045 10.883 10.834 10.870 10.891 10.901    0.028 0.041 0.031 0.032 0.036  A 60354
   2821.48974 10.939 10.935 10.918 10.945 10.956    0.029 0.032 0.032 0.033 0.037  A 61675
   2826.48141 10.879 10.824 10.855 10.892 10.895    0.030 0.036 0.034 0.034 0.037  A 61971
   2830.48285 10.883 10.834 10.835 10.904 10.891    0.028 0.032 0.033 0.033 0.036  A 62446
   2832.49208 10.869 10.816 10.858 10.885 10.893    0.030 0.031 0.031 0.035 0.041  A 62899
   2834.49556 11.066 11.010 11.029 11.076 11.078    0.030 0.034 0.032 0.036 0.042  A 63280
   2836.49793 10.842 10.823 10.824 10.857 10.874    0.028 0.032 0.030 0.033 0.037  A 63623
   2841.46814 10.844 10.829 10.850 10.840 10.862    0.029 0.032 0.031 0.034 0.038  A 64483
   2843.47661 10.874 10.842 10.863 10.820 10.849    0.043 0.043 0.044 0.051 0.057  A 64841
   2960.82466 10.872 10.824 10.852 10.901 10.897    0.031 0.030 0.029 0.036 0.040  A 80855
   2974.83553 10.858 10.819 10.821 10.872 10.891    0.035 0.034 0.034 0.041 0.045  A 82652
   2979.81848 10.852 10.862 10.829 10.852 10.859    0.034 0.034 0.034 0.040 0.046  A 83327
   2982.80616 10.915 10.929 10.906 10.939 10.957    0.040 0.034 0.037 0.049 0.057  A 83709
   2985.79977 11.020 10.971 10.998 11.053 11.071    0.029 0.029 0.029 0.034 0.039  A 84099
   2991.78743 10.980 10.941 10.991 10.976 10.989    0.028 0.028 0.029 0.033 0.037  A 84840
   2994.78425 10.871 10.841 10.841 10.857 10.876    0.040 0.039 0.039 0.046 0.052  A 85240
   3001.76417 10.963 10.935 10.921 10.992 11.014    0.028 0.029 0.028 0.033 0.037  A 86037
   3003.81870 10.863 10.848 10.818 10.864 10.877    0.038 0.036 0.038 0.046 0.053  A 86321
   3006.76055 10.797 10.779 10.779 10.809 10.813    0.029 0.030 0.029 0.035 0.040  A 86635
   3008.79242 10.870 10.818 10.841 10.870 10.896    0.031 0.031 0.031 0.037 0.043  A 86904
   3011.73152 10.838 10.846 10.840 10.859 10.855    0.033 0.033 0.031 0.039 0.044  A 87284
   3013.79324 10.899 10.858 10.838 10.913 10.912    0.031 0.032 0.032 0.036 0.041  A 87574
   3016.80830 10.851 10.847 10.836 10.871 10.881    0.030 0.032 0.031 0.036 0.040  A 87810
   3018.82570 10.794 10.761 10.768 10.791 10.818    0.034 0.031 0.035 0.040 0.046  A 88087
   3023.77560 11.045 11.024 11.040 11.064 11.061    0.029 0.036 0.029 0.034 0.039  A 88348
   3028.75244 10.847 10.821 10.826 10.850 10.849    0.027 0.031 0.028 0.031 0.036  A 88585
   3030.78788 11.049 11.024 11.030 11.066 11.077    0.033 0.032 0.032 0.039 0.046  A 88783
   3033.68471 11.020 10.987 10.983 11.033 11.043    0.029 0.029 0.028 0.034 0.038  A 89043
   3035.73424 10.878 10.837 10.895 10.874 10.861    0.033 0.032 0.032 0.040 0.045  A 89284
   3039.74767 11.009 10.992 10.984 11.029 11.036    0.031 0.031 0.032 0.037 0.042  A 89554
   3042.71130 10.951 10.933 10.927 10.965 99.999    0.039 0.037 0.036 0.047 0.054  C 89820
   3044.73273 10.830 10.793 10.807 10.845 10.842    0.030 0.032 0.030 0.036 0.040  A 90089
   3047.68337 10.850 10.800 10.821 10.858 10.861    0.030 0.029 0.029 0.035 0.039  A 90480
   3050.65674 10.860 10.797 10.825 10.875 10.879    0.027 0.030 0.028 0.032 0.037  A 90869
   3052.79798 10.872 10.827 10.815 10.886 10.902    0.028 0.028 0.028 0.033 0.038  A 91188
   3055.62475 10.998 10.935 10.957 10.998 11.012    0.042 0.037 0.039 0.049 0.055  A 91540
   3057.67573 10.854 10.834 10.820 10.877 10.874    0.029 0.029 0.031 0.034 0.039  A 91832
   3059.72006 10.837 10.837 10.825 10.827 10.835    0.030 0.030 0.030 0.035 0.040  A 92109
   3061.77696 11.053 11.024 11.032 11.050 11.061    0.030 0.031 0.030 0.036 0.041  A 92404
   3064.59458 10.881 10.825 10.869 10.880 10.916    0.038 0.034 0.035 0.042 0.045  A 92733
   3067.65440 10.899 10.873 10.888 10.902 10.916    0.031 0.032 0.032 0.037 0.043  A 93051
   3069.66602 10.815 10.793 10.782 10.823 10.839    0.038 0.035 0.036 0.046 0.053  A 93350
   3071.69709 10.984 10.961 10.984 10.982 10.958    0.038 0.034 0.035 0.045 0.052  A 93647
   3073.71916 10.839 10.820 10.829 10.852 10.852    0.033 0.033 0.031 0.039 0.044  A 93898
   3075.72285 10.841 10.778 10.825 10.856 10.860    0.034 0.033 0.031 0.041 0.046  A 94169
   3077.75096 11.020 11.040 11.006 11.009 11.024    0.033 0.033 0.032 0.040 0.045  A 94458
   3079.74358 99.999 99.999 99.999 99.999 99.999    0.031 0.033 0.035 0.037 0.042  C 94747
   3081.78214 10.831 10.839 10.799 10.850 10.880    0.035 0.032 0.034 0.042 0.048  A 95053
   3085.76891 10.821 10.774 10.794 10.855 10.872    0.037 0.035 0.034 0.044 0.050  A 95344
   3087.76811 10.821 10.827 10.802 10.873 10.906    0.067 0.060 0.061 0.077 0.087  D 95653
   3090.52870 10.873 10.834 10.808 10.893 10.914    0.034 0.032 0.033 0.040 0.045  A 96029
   3092.58150 10.866 10.840 10.841 10.880 10.895    0.030 0.029 0.031 0.034 0.038  A 96357
   3096.58490 10.857 10.798 10.840 10.875 10.873    0.028 0.028 0.028 0.033 0.037  A 96636
   3098.60744 10.913 10.822 10.907 10.921 10.908    0.035 0.034 0.033 0.041 0.047  A 96959
   3100.61247 10.930 10.911 10.908 10.928 10.923    0.035 0.032 0.033 0.041 0.048  A 97264
   3102.61928 11.117 11.224 11.124 11.104 11.079    0.041 0.038 0.038 0.048 0.053  A 97583
   3104.63062 10.914 10.836 10.915 10.913 10.890    0.035 0.034 0.034 0.042 0.049  A 97904
   3106.62504 11.058 11.034 11.024 11.073 11.095    0.033 0.032 0.033 0.040 0.045  A 98215
   3108.62768 10.830 10.818 10.802 10.826 10.835    0.029 0.032 0.029 0.034 0.039  A 98532
   3110.62152 10.806 10.819 10.792 10.821 10.839    0.029 0.029 0.029 0.034 0.038  A 98846
   3112.62977 10.896 10.920 10.889 10.918 10.942    0.030 0.031 0.029 0.035 0.039  A 99156
   3114.63907 10.985 10.941 10.961 10.984 10.977    0.031 0.037 0.032 0.035 0.040  A 99491
   3121.53088 10.846 10.835 10.833 10.856 10.864    0.029 0.030 0.028 0.035 0.041  A 100052
   3123.55576 10.856 10.833 10.836 10.867 10.874    0.029 0.029 0.029 0.034 0.039  A 100349
   3125.58708 11.023 10.984 11.012 11.042 11.030    0.032 0.038 0.032 0.039 0.043  A 100696
   3127.61579 10.803 10.790 10.818 10.812 10.796    0.044 0.037 0.040 0.054 0.063  A 101021
   3129.66795 10.896 10.824 10.862 10.909 10.924    0.041 0.038 0.038 0.049 0.056  A 101373
   3131.65048 10.961 10.926 10.960 10.953 10.957    0.040 0.045 0.048 0.048 0.055  A 101655
   3133.65530 10.834 10.828 10.831 10.819 10.776    0.033 0.034 0.033 0.039 0.044  A 101990
   3145.54632 10.877 10.817 10.849 10.885 10.888    0.029 0.030 0.028 0.034 0.039  A 103383
   3153.49660 10.819 10.810 10.792 10.837 10.829    0.039 0.038 0.036 0.047 0.053  A 103714
   3154.62920 10.870 10.800 10.858 10.872 10.856    0.032 0.034 0.032 0.038 0.044  A 103938
   3158.55869 10.890 10.824 10.834 10.915 10.931    0.037 0.037 0.035 0.045 0.051  A 104377
   3160.57018 11.067 10.994 11.015 11.115 11.133    0.037 0.037 0.036 0.045 0.052  A 104672
   3163.57844 10.984 10.978 10.951 10.989 10.995    0.030 0.036 0.029 0.036 0.040  A 105002
   3165.58083 10.865 10.798 10.828 10.863 10.865    0.032 0.034 0.031 0.038 0.042  A 105349
   3168.58955 10.848 10.837 10.805 10.858 10.815    0.030 0.029 0.030 0.035 0.040  A 105737
   3176.50087 10.964 10.931 10.944 10.971 10.966    0.030 0.031 0.028 0.036 0.041  A 106716
   3179.50472 10.867 10.843 10.816 10.862 10.832    0.031 0.033 0.031 0.036 0.041  A 107164
   3186.51396 10.926 10.883 10.919 10.947 10.955    0.033 0.031 0.032 0.039 0.045  A 108063
   3189.52864 10.993 10.998 10.979 10.992 10.972    0.039 0.035 0.036 0.049 0.056  A 108392
   3380.82928 10.898 10.848 10.872 10.909 10.943    0.038 0.038 0.035 0.045 0.052  A 125565
#ndata= 546
#dataset= 3 ; 1 F0900-48_102
#desig= 091314-5117.8
#cra=    9.220692  09:13:14.5
#cdec= -51.297370 -51:17:50.5
#class= 0
#cmag_0= 10.868
#cmer_0=  0.066
#nskip_0= 12
#cmag_1= 10.873
#cmer_1=  0.063
#nskip_1= 4
#cmag_2= 10.867
#cmer_2=  0.050
#nskip_2= 32
#cmag_3= 10.875
#cmer_3=  0.056
#nskip_3= 24
#cmag_4= 10.888
#cmer_4=  0.061
#nskip_4= 13
#ra=    9.220692  09:13:14.5
#dec= -51.297370 -51:17:50.5
#     HJD      MAG_2  MAG_0  MAG_1  MAG_3  MAG_4    MER_2 MER_0 MER_1 MER_3 MER_4 GRADE FRAME
   1868.82343 10.833 10.790 10.834 10.840 10.853    0.029 0.060 0.032 0.033 0.037  A 162
   1870.75861 10.893 10.952 10.899 10.896 10.906    0.030 0.067 0.032 0.034 0.038  B 444
   1871.86752 10.823 10.780 10.809 10.827 10.850    0.032 0.061 0.031 0.038 0.043  A 620
   1873.77242 10.880 10.851 10.876 10.893 10.911    0.027 0.053 0.028 0.031 0.035  A 903
   1875.75623 10.832 10.783 10.826 10.834 10.835    0.027 0.061 0.028 0.031 0.035  A 1218
   1877.75215 10.826 10.827 10.811 10.836 10.842    0.025 0.049 0.027 0.030 0.033  A 1535
   1879.74882 11.044 11.054 11.050 11.056 11.055    0.025 0.048 0.027 0.030 0.034  A 1849
   1881.73692 10.810 10.725 10.812 10.806 10.809    0.025 0.049 0.026 0.030 0.034  A 2158
   1884.82595 10.862 10.883 10.871 10.877 10.893    0.023 0.034 0.026 0.027 0.030  A 2345
   1886.73323 10.845 10.843 10.850 10.844 10.850    0.024 0.040 0.026 0.030 0.033  A 2625
   1887.81977 10.836 10.805 10.836 10.839 10.852    0.024 0.035 0.028 0.028 0.032  A 2822
   1889.72433 10.911 10.926 10.899 10.914 10.907    0.031 0.045 0.032 0.038 0.042  A 3102
   1899.75788 10.826 10.857 10.810 10.833 10.828    0.025 0.033 0.030 0.029 0.032  A 3247
   1900.76339 10.860 10.848 10.860 10.864 10.870    0.025 0.034 0.029 0.029 0.033  A 3405
   1902.75425 10.871 10.912 10.853 10.879 10.881    0.023 0.035 0.029 0.027 0.031  A 3560
   1903.77276 10.819 10.823 10.814 10.828 10.838    0.022 0.032 0.026 0.027 0.030  A 3726
   1904.77787 10.946 10.999 10.943 10.949 10.957    0.024 0.040 0.025 0.028 0.032  A 3889
   1905.76104 10.858 10.824 10.855 10.860 10.864    0.025 0.037 0.026 0.029 0.032  A 4044
   1906.76140 10.897 10.894 10.860 10.898 10.905    0.024 0.037 0.029 0.027 0.032  A 4206
   1907.75707 10.860 10.850 10.860 10.865 10.878    0.023 0.035 0.029 0.027 0.030  A 4364
   1913.72605 10.832 10.800 10.832 10.835 10.844    0.021 0.027 0.022 0.025 0.029  A 4645
   1914.73027 11.009 10.998 10.997 11.010 11.015    0.023 0.032 0.025 0.027 0.030  A 4810
   1915.73295 10.836 10.825 10.835 10.845 10.857    0.025 0.041 0.028 0.029 0.034  A 4968
   1918.74999 10.855 10.872 10.840 10.864 10.870    0.025 0.033 0.029 0.030 0.035  A 5191
   1919.76837 10.879 10.872 10.892 10.881 10.886    0.026 0.035 0.031 0.031 0.035  A 5358
   1920.72012 10.898 10.902 10.903 10.897 10.909    0.025 0.031 0.028 0.030 0.034  A 5499
   1921.71659 10.864 10.873 10.871 10.862 10.853    0.026 0.035 0.031 0.030 0.035  A 5655
   1922.71586 10.825 10.825 10.804 10.834 10.839    0.023 0.033 0.030 0.026 0.030  A 5806
   1923.71272 10.839 10.836 10.826 10.835 10.822    0.084 0.072 0.075 0.104 0.124  D 5971
   1924.70788 10.872 10.940 10.881 10.883 10.904    0.026 0.038 0.029 0.031 0.034  A 6138
   1925.70875 10.846 10.829 10.841 10.851 10.838    0.047 0.051 0.047 0.053 0.060  A 6307
   1926.70290 10.867 10.886 10.863 10.874 10.887    0.024 0.036 0.030 0.028 0.032  A 6474
   1928.70700 10.856 10.879 10.852 10.873 10.889    0.024 0.035 0.026 0.028 0.031  A 6801
   1929.70003 10.841 10.858 10.840 10.855 10.870    0.023 0.034 0.028 0.027 0.031  A 6953
   1930.70059 11.003 10.979 10.992 11.006 11.008    0.022 0.033 0.028 0.026 0.030  A 7119
   1931.69534 10.860 10.833 10.861 10.859 10.873    0.024 0.035 0.031 0.028 0.033  A 7287
   1932.69091 10.829 10.800 10.844 10.840 10.846    0.023 0.033 0.030 0.026 0.030  A 7448
   1933.69094 10.994 10.952 10.994 11.004 11.010    0.023 0.033 0.031 0.026 0.030  A 7612
   1934.68974 10.844 10.841 10.836 10.850 10.853    0.022 0.030 0.027 0.025 0.030  A 7776
   1936.66454 10.863 10.842 10.854 10.869 10.858    0.023 0.034 0.031 0.025 0.029  A 8027
   1937.70283 10.851 10.866 10.843 10.860 10.873    0.023 0.033 0.032 0.026 0.029  A 8160
   1939.65548 10.876 10.852 10.877 10.870 10.873    0.024 0.033 0.030 0.026 0.030  A 8389
   1941.63376 10.807 10.789 10.785 10.815 10.835    0.023 0.033 0.031 0.025 0.028  A 8612
   1945.68555 10.857 10.868 10.825 10.877 10.891    0.023 0.033 0.030 0.026 0.031  A 8692
   1946.69591 10.982 10.991 10.975 10.992 11.011    0.026 0.035 0.031 0.030 0.034  A 8816
   1948.61815 10.820 10.853 10.823 10.814 10.831    0.028 0.035 0.031 0.033 0.038  A 9042
   1949.67638 11.004 11.008 10.992 11.010 11.021    0.026 0.034 0.031 0.029 0.033  A 9206
   1950.65378 10.868 10.835 10.880 10.874 10.879    0.026 0.034 0.032 0.029 0.035  A 9371
   1952.64652 10.900 10.943 10.906 10.900 10.917    0.028 0.037 0.035 0.032 0.036  A 9589
   1953.65590 10.848 10.832 10.852 10.857 10.872    0.027 0.039 0.035 0.030 0.033  A 9679
   1954.64781 10.812 10.850 10.816 10.832 10.836    0.036 0.047 0.043 0.040 0.041  A 9856
   1955.64194 10.860 10.882 10.855 10.862 10.884    0.031 0.043 0.039 0.037 0.036  A 10030
   1961.65974 10.874 10.887 10.866 10.885 10.894    0.029 0.041 0.037 0.033 0.032  A 10488
   1963.61797 10.874 10.867 10.877 10.878 10.902    0.033 0.047 0.040 0.038 0.035  A 10802
   1964.63629 10.863 10.880 10.871 10.867 10.874    0.029 0.042 0.037 0.033 0.032  A 10990
   1965.61817 11.026 11.042 11.015 11.035 11.057    0.032 0.046 0.039 0.038 0.034  A 11168
   1966.62021 10.853 10.868 10.835 10.853 10.877    0.033 0.046 0.040 0.038 0.035  A 11355
   1967.61730 10.855 10.845 10.848 10.867 10.869    0.035 0.050 0.042 0.040 0.038  A 11520
   1968.62143 10.907 10.926 10.906 10.916 10.934    0.035 0.051 0.043 0.041 0.037  A 11697
   1977.59468 10.882 10.862 10.872 10.908 10.887    0.043 0.061 0.051 0.050 0.048  B 11934
   1978.60762 10.955 10.974 10.950 10.964 10.978    0.047 0.064 0.054 0.054 0.051  B 12043
   1979.63098 10.844 10.887 10.845 10.831 10.844    0.048 0.069 0.057 0.054 0.052  D 12224
   1981.57604 10.998 11.032 10.994 11.001 11.015    0.039 0.056 0.047 0.046 0.043  A 12535
   1982.58774 10.863 10.853 10.863 10.862 10.876    0.035 0.050 0.042 0.041 0.037  A 12725
   1985.58120 10.862 10.900 10.870 10.852 10.858    0.042 0.062 0.051 0.047 0.044  B 13133
   1993.57002 10.865 10.880 10.853 10.873 10.884    0.047 0.071 0.057 0.053 0.053  D 13296
   1995.54446 10.872 10.863 10.902 10.883 10.865    0.052 0.083 0.066 0.057 0.056  D 13603
   2025.47061 10.847 10.800 10.835 10.851 10.861    0.028 0.047 0.029 0.033 0.036  A 17120
   2027.51935 10.830 10.797 10.817 10.835 10.848    0.027 0.051 0.027 0.032 0.035  A 17574
   2031.47180 10.826 10.776 10.819 10.823 10.834    0.028 0.054 0.030 0.033 0.036  A 17951
   2033.48357 10.864 10.860 10.874 10.858 10.855    0.028 0.052 0.029 0.033 0.035  A 18389
   2039.46067 10.931 10.849 10.900 10.959 10.919    0.058 0.080 0.055 0.069 0.079  D 19238
   2053.48179 10.822 10.908 10.827 10.824 10.827    0.029 0.056 0.029 0.035 0.037  A 19966
   2057.50787 10.854 10.832 10.844 10.864 10.873    0.029 0.060 0.031 0.033 0.037  A 20870
   2068.50342 10.838 10.838 10.837 10.834 10.837    0.023 0.035 0.024 0.027 0.031  A 22018
   2071.46720 10.898 10.910 10.892 10.939 10.978    0.051 0.058 0.046 0.061 0.072  B 22670
   2081.47863 10.814 10.794 10.815 10.809 10.802    0.025 0.047 0.028 0.029 0.033  A 23057
   2086.46811 10.984 10.959 10.969 10.992 10.994    0.027 0.058 0.029 0.032 0.036  A 23973
   2096.46028 10.931 10.884 10.907 10.924 10.903    0.066 0.082 0.065 0.075 0.085  D 25375
   2172.87720 10.852 10.858 10.852 10.862 10.872    0.033 0.050 0.035 0.038 0.043  A 32893
   2186.86291 11.058 11.048 11.075 11.037 11.050    0.034 0.044 0.039 0.038 0.043  A 34473
   2188.87012 10.843 10.881 10.832 10.861 10.871    0.035 0.048 0.041 0.039 0.043  A 34738
   2190.84461 10.838 10.840 10.827 10.842 10.858    0.033 0.049 0.040 0.037 0.041  A 35031
   2192.83901 10.895 10.908 10.887 10.903 10.913    0.032 0.049 0.037 0.036 0.041  A 35380
   2194.84225 10.855 10.824 10.867 10.849 10.856    0.031 0.046 0.037 0.036 0.040  A 35741
   2196.86491 10.870 10.896 10.876 10.889 10.912    0.031 0.045 0.036 0.034 0.038  A 36060
   2198.84430 10.852 10.879 10.838 10.856 10.875    0.031 0.045 0.037 0.036 0.040  A 36407
   2200.84973 10.833 10.823 10.838 10.836 10.844    0.033 0.045 0.038 0.037 0.041  A 36658
   2206.79018 10.856 10.871 10.851 10.873 10.873    0.033 0.046 0.040 0.037 0.042  A 37555
   2212.80739 10.877 10.831 10.896 10.893 10.909    0.036 0.049 0.042 0.040 0.045  A 37994
   2214.79945 10.849 10.876 10.849 10.861 10.879    0.040 0.053 0.046 0.046 0.048  A 38308
   2216.79098 10.863 10.861 10.892 10.864 10.862    0.039 0.054 0.046 0.044 0.046  A 38639
   2224.79670 10.962 10.974 10.966 10.967 10.989    0.035 0.047 0.042 0.040 0.042  A 39419
   2226.78086 10.841 10.848 10.852 10.834 10.856    0.040 0.052 0.046 0.045 0.046  A 39726
   2228.76830 10.884 10.895 10.867 10.885 10.897    0.040 0.055 0.048 0.046 0.047  B 40039
   2230.76699 10.864 10.868 10.842 10.862 10.876    0.039 0.052 0.046 0.044 0.044  A 40366
   2233.74210 10.854 10.870 10.874 10.855 10.870    0.037 0.049 0.043 0.043 0.045  A 40678
   2234.84988 10.864 10.865 10.865 10.837 10.845    0.043 0.059 0.051 0.049 0.050  B 40881
   2236.76784 10.846 10.832 10.828 10.846 10.861    0.039 0.055 0.048 0.046 0.046  B 41162
   2239.77058 10.825 10.821 10.851 10.809 10.823    0.043 0.058 0.051 0.048 0.049  B 41482
   2241.75730 10.881 10.877 10.863 10.879 10.901    0.039 0.051 0.045 0.045 0.046  A 41793
   2243.73871 10.869 10.861 10.867 10.885 10.898    0.046 0.063 0.054 0.053 0.054  B 42102
   2247.77935 10.905 10.901 10.937 10.857 10.876    0.052 0.077 0.064 0.057 0.059  D 42395
   2249.73993 10.901 10.881 10.870 10.952 10.927    0.042 0.058 0.051 0.048 0.049  B 42740
   2250.79311 10.929 10.906 10.912 10.931 10.925    0.049 0.079 0.063 0.054 0.056  D 42924
   2251.83841 10.853 10.939 10.865 10.931 10.922    0.052 0.076 0.064 0.059 0.062  D 43105
   2252.84108 10.862 10.875 10.858 10.859 10.859    0.052 0.077 0.064 0.059 0.061  D 43267
   2256.72943 10.985 10.999 10.974 10.982 10.997    0.049 0.070 0.060 0.055 0.056  D 43828
   2258.71387 10.853 10.844 10.870 10.811 10.838    0.053 0.080 0.066 0.059 0.061  D 44143
   2260.77514 10.870 10.919 10.864 10.890 10.900    0.054 0.084 0.069 0.057 0.058  D 44300
   2440.46662 10.854 10.843 10.860 10.851 10.856    0.022 0.032 0.027 0.024 0.027  A 7986
   2443.47355 10.852 10.838 10.849 10.858 10.871    0.020 0.027 0.025 0.023 0.025  A 8603
   2456.45239 10.846 10.846 10.826 10.856 10.870    0.027 0.035 0.034 0.029 0.031  A 9998
   2540.88155 10.868 10.861 10.880 10.870 10.879    0.028 0.034 0.028 0.034 0.038  A 19816
   2545.86774 10.856 10.799 10.848 10.867 10.876    0.029 0.033 0.031 0.034 0.037  A 20273
   2552.85298 10.816 10.800 10.786 10.829 10.824    0.021 0.028 0.023 0.024 0.027  A 21236
   2554.87068 10.863 10.866 10.858 10.867 10.872    0.056 0.080 0.067 0.059 0.060  D 21610
   2557.84567 10.959 10.990 10.969 10.978 10.988    0.027 0.039 0.036 0.030 0.030  A 21959
   2559.86407 10.855 10.888 10.878 10.841 10.858    0.025 0.030 0.028 0.028 0.032  A 22327
   2562.83875 10.858 10.855 10.863 10.864 10.870    0.023 0.043 0.027 0.027 0.030  A 22822
   2564.84466 10.827 10.863 10.825 10.826 10.840    0.024 0.028 0.025 0.028 0.032  A 23183
   2578.83820 10.828 10.831 10.818 10.810 10.798    0.042 0.046 0.046 0.047 0.052  A 25033
   2621.85828 10.858 10.887 10.877 10.891 10.910    0.025 0.029 0.025 0.029 0.032  A 29896
   2623.79638 10.907 10.873 10.910 10.908 10.905    0.021 0.023 0.024 0.024 0.027  A 30201
   2625.78887 10.851 10.859 10.821 10.858 10.869    0.024 0.028 0.026 0.028 0.031  A 30480
   2628.76623 10.840 10.818 10.830 10.843 10.843    0.035 0.033 0.034 0.038 0.042  A 30775
   2632.82728 10.867 10.814 10.874 10.878 10.889    0.022 0.026 0.025 0.025 0.028  A 32015
   2635.75683 10.847 10.849 10.848 10.853 10.868    0.033 0.032 0.033 0.037 0.041  A 32279
   2637.77112 10.877 10.873 10.883 10.873 10.884    0.022 0.023 0.024 0.026 0.028  A 32576
   2639.79620 10.891 10.901 10.863 10.903 10.923    0.021 0.024 0.025 0.025 0.027  A 32895
   2642.72498 10.844 10.798 10.856 10.850 10.852    0.021 0.023 0.023 0.025 0.027  A 33303
   2644.76223 10.834 10.831 10.836 10.838 10.853    0.021 0.023 0.023 0.024 0.027  A 33624
   2646.74176 11.040 10.994 11.071 11.055 11.046    0.022 0.025 0.025 0.025 0.027  A 33917
   2649.72910 11.001 10.971 11.022 11.008 11.003    0.022 0.022 0.027 0.026 0.027  A 34165
   2651.70134 10.816 10.789 10.812 10.822 10.829    0.022 0.026 0.022 0.025 0.027  A 34463
   2655.75598 10.933 10.872 10.935 10.918 10.919    0.038 0.033 0.041 0.037 0.039  A 35281
   2658.72732 10.866 10.852 10.860 10.869 10.874    0.024 0.024 0.026 0.028 0.030  A 35637
   2660.71359 10.843 10.815 10.839 10.857 10.872    0.029 0.034 0.032 0.034 0.038  A 35971
   2662.71974 11.014 11.033 10.998 11.026 99.999    0.020 0.032 0.022 0.023 0.027  C 36315
   2664.70207 10.866 10.825 10.882 10.869 10.869    0.024 0.025 0.025 0.027 0.030  A 36651
   2666.70873 10.867 10.884 10.858 10.871 10.926    0.022 0.030 0.023 0.025 0.027  A 36981
   2670.69873 10.834 10.795 10.835 10.844 10.846    0.022 0.026 0.025 0.026 0.028  A 37615
   2672.70630 10.870 10.885 10.868 10.875 10.883    0.020 0.026 0.024 0.024 0.025  A 37953
   2674.68735 10.814 10.833 10.802 10.823 10.850    0.022 0.024 0.025 0.025 0.026  A 38288
   2676.67823 10.853 10.801 10.864 10.855 10.853    0.019 0.024 0.023 0.023 0.024  A 38650
   2678.65917 11.051 11.046 11.043 11.054 11.079    0.021 0.024 0.025 0.025 0.027  A 38984
   2680.66204 10.864 10.852 10.847 10.880 10.888    0.021 0.028 0.021 0.024 0.026  A 39315
   2681.80407 10.884 10.853 10.904 10.906 99.999    0.021 0.024 0.023 0.025 0.028  C 39527
   2683.70211 10.858 10.864 10.873 10.867 10.882    0.021 0.025 0.021 0.025 0.028  A 39842
   2685.66896 10.858 10.852 10.857 10.880 10.901    0.030 0.034 0.030 0.034 0.037  A 40190
   2688.80108 10.876 10.882 10.836 10.891 10.917    0.028 0.030 0.031 0.032 0.037  A 40791
   2690.72868 10.880 10.905 10.881 10.890 10.910    0.025 0.034 0.027 0.029 0.034  A 41131
   2692.78536 10.839 10.810 10.855 10.836 10.833    0.023 0.026 0.023 0.027 0.031  A 41472
   2694.70389 10.960 10.895 10.951 10.970 10.971    0.026 0.026 0.030 0.030 0.031  A 41794
   2698.71925 10.845 10.829 10.831 10.851 10.854    0.023 0.025 0.024 0.027 0.030  A 42542
   2700.69744 11.028 11.036 11.007 11.047 11.073    0.023 0.031 0.028 0.026 0.028  A 42920
   2704.67416 10.858 10.900 10.856 10.865 10.874    0.021 0.030 0.023 0.024 0.028  A 43676
   2706.64392 10.875 10.823 10.881 10.868 10.872    0.021 0.026 0.026 0.025 0.026  A 44033
   2709.73956 10.886 10.838 10.896 10.888 10.912    0.030 0.039 0.036 0.034 0.035  A 44614
   2711.63913 10.825 10.837 10.816 10.846 10.851    0.024 0.030 0.034 0.027 0.029  A 44945
   2712.77612 10.863 10.869 10.844 10.885 10.901    0.024 0.029 0.026 0.027 0.030  A 45182
   2714.62092 10.873 10.798 10.878 10.871 10.873    0.027 0.028 0.030 0.032 0.037  A 45506
   2715.71885 10.826 10.848 10.818 10.844 10.859    0.029 0.037 0.038 0.032 0.036  A 45728
   2719.60970 10.907 10.846 10.901 10.910 10.927    0.022 0.027 0.024 0.025 0.028  A 46086
   2720.73758 10.902 10.848 10.865 10.924 10.959    0.025 0.028 0.025 0.029 0.033  A 46334
   2722.64491 10.892 10.824 10.879 10.911 10.929    0.020 0.032 0.026 0.023 0.026  A 46684
   2724.64281 10.851 10.778 10.857 10.852 10.860    0.022 0.032 0.029 0.023 0.026  A 47065
   2726.64120 10.897 10.836 10.908 10.905 10.907    0.022 0.029 0.024 0.025 0.028  A 47464
   2728.63250 10.815 10.839 10.809 10.827 10.841    0.021 0.033 0.022 0.024 0.027  A 47855
   2730.62847 10.811 10.854 10.815 10.822 10.835    0.021 0.027 0.022 0.025 0.028  A 48262
   2733.67491 10.837 10.776 10.828 10.853 10.848    0.024 0.029 0.024 0.027 0.031  A 48636
   2734.75360 10.865 10.869 10.842 10.875 10.890    0.026 0.028 0.025 0.030 0.034  A 48875
   2736.58174 10.859 10.863 10.843 10.871 10.882    0.023 0.026 0.027 0.027 0.029  A 49190
   2738.58612 10.858 10.882 10.885 10.869 10.865    0.022 0.026 0.024 0.025 0.028  A 49579
   2742.57600 10.934 10.989 10.933 10.938 10.961    0.023 0.030 0.024 0.028 0.031  A 50333
   2743.72144 10.816 10.804 10.815 10.828 10.845    0.028 0.028 0.028 0.033 0.037  A 50580
   2750.64655 10.845 10.861 10.844 10.852 10.867    0.022 0.027 0.022 0.025 0.029  A 51637
   2752.60074 10.836 10.807 10.833 10.849 10.850    0.024 0.028 0.027 0.025 0.029  A 52008
   2754.68518 11.002 11.034 10.993 11.018 11.030    0.022 0.027 0.023 0.026 0.030  A 52264
   2756.66452 10.827 10.828 10.840 10.840 10.846    0.022 0.023 0.023 0.025 0.028  A 52667
   2759.49535 10.848 10.804 10.853 10.851 10.881    0.060 0.050 0.053 0.073 0.087  D 53158
   2762.63891 10.812 10.809 10.830 10.778 10.789    0.060 0.051 0.054 0.074 0.086  D 53834
   2764.61783 10.921 10.944 10.922 10.945 10.969    0.022 0.030 0.023 0.026 0.029  A 54238
   2766.63155 10.882 10.808 10.858 10.882 10.883    0.023 0.030 0.024 0.027 0.030  A 54522
   2776.52566 10.854 10.838 10.846 10.870 10.876    0.030 0.042 0.047 0.033 0.034  A 55260
   2783.53451 11.035 11.010 11.027 11.045 11.071    0.023 0.033 0.028 0.024 0.027  A 55891
   2785.53623 10.826 10.815 10.801 10.824 10.830    0.023 0.030 0.034 0.026 0.028  A 56313
   2787.53095 10.867 10.845 10.871 10.875 10.889    0.021 0.029 0.030 0.024 0.027  A 56749
   2790.55619 10.836 10.855 10.816 10.838 10.867    0.045 0.041 0.042 0.053 0.062  B 57292
   2793.47886 10.992 10.980 10.991 10.997 11.013    0.025 0.034 0.038 0.027 0.029  A 57761
   2796.47540 11.047 11.050 11.005 11.068 11.096    0.025 0.034 0.034 0.028 0.030  A 58317
   2804.56096 10.839 10.840 10.847 10.807 10.813    0.038 0.034 0.035 0.047 0.054  A 59013
   2810.48807 10.829 10.879 10.801 10.839 10.847    0.023 0.038 0.026 0.026 0.029  A 59670
   2814.49528 10.850 10.803 10.843 10.853 99.999    0.023 0.031 0.024 0.027 0.030  C 60585
   2820.47253 10.867 10.841 10.863 10.883 10.897    0.024 0.029 0.029 0.028 0.031  A 61448
   2830.46748 10.858 10.870 10.876 10.881 10.897    0.025 0.031 0.030 0.029 0.032  A 62440
   2833.46154 10.843 10.806 10.847 10.836 10.809    0.075 0.063 0.066 0.091 0.109  D 63072
   2835.46419 10.823 10.839 10.796 10.833 10.852    0.025 0.029 0.028 0.028 0.031  A 63478
   2900.87881 10.854 10.834 10.825 10.863 10.866    0.034 0.036 0.035 0.040 0.047  A 72326
   2907.87719 10.878 10.927 10.883 10.860 10.886    0.064 0.059 0.058 0.079 0.090  D 73337
   2911.87233 10.861 10.885 10.849 10.866 10.876    0.024 0.028 0.026 0.028 0.032  A 74016
   2916.86024 10.834 10.778 10.842 10.834 10.840    0.023 0.030 0.027 0.026 0.030  A 74673
   2922.83966 10.841 10.819 10.835 10.865 10.875    0.029 0.029 0.030 0.034 0.039  A 75357
   2926.84793 10.827 10.824 10.827 10.822 10.832    0.025 0.030 0.029 0.029 0.031  A 75906
   2929.82952 10.855 10.856 10.880 10.861 10.888    0.033 0.034 0.033 0.039 0.046  A 76443
   2932.85423 10.855 10.830 10.837 10.860 10.886    0.023 0.027 0.027 0.027 0.029  A 76989
   2935.84658 10.797 10.777 10.813 10.810 10.807    0.027 0.027 0.028 0.031 0.035  A 77526
   2940.81313 10.891 10.855 10.893 10.897 10.911    0.025 0.029 0.027 0.029 0.032  A 78079
   2943.81584 10.874 10.868 10.881 10.877 10.882    0.026 0.029 0.030 0.028 0.032  A 78441
   2946.80063 10.876 10.876 10.875 10.875 10.882    0.024 0.029 0.029 0.028 0.030  A 78897
   2949.81498 10.817 10.826 10.830 10.814 10.823    0.024 0.025 0.024 0.029 0.032  A 79353
   2952.81836 10.846 10.855 10.862 10.881 10.898    0.030 0.030 0.030 0.035 0.040  A 79756
   2960.81315 10.867 10.841 10.868 10.868 10.868    0.026 0.027 0.025 0.030 0.035  A 80850
   2963.81941 10.900 10.861 10.891 10.920 10.945    0.025 0.028 0.026 0.030 0.035  A 81271
   2970.82565 10.833 10.851 10.827 10.831 10.838    0.024 0.025 0.024 0.028 0.032  A 82179
   2974.77101 10.848 10.796 10.846 10.853 10.846    0.026 0.028 0.026 0.031 0.035  A 82627
   2976.82304 10.867 10.851 10.857 10.890 10.908    0.026 0.031 0.026 0.031 0.035  A 82928
   2979.77000 10.879 10.890 10.889 10.881 10.886    0.025 0.025 0.029 0.029 0.032  A 83307
   2982.77340 10.985 10.991 10.958 11.000 11.030    0.037 0.032 0.033 0.045 0.053  A 83702
   2985.78731 11.022 11.034 11.020 11.022 11.038    0.031 0.029 0.031 0.036 0.040  A 84094
   2988.77577 11.037 11.044 11.030 11.053 11.078    0.026 0.028 0.027 0.031 0.035  A 84442
   2997.75624 10.877 10.853 10.886 10.862 10.860    0.034 0.033 0.033 0.040 0.047  A 85631
   3000.80492 99.999 99.999 99.999 99.999 99.999    0.025 0.028 0.027 0.030 0.034  C 85919
   3006.73075 10.841 10.808 10.849 10.846 10.842    0.022 0.025 0.023 0.026 0.030  A 86623
   3010.77401 10.958 10.963 10.955 10.981 11.007    0.026 0.028 0.032 0.031 0.035  A 87163
   3013.70543 10.907 10.877 10.917 10.917 10.916    0.029 0.030 0.030 0.034 0.039  A 87539
   3016.76920 10.857 10.876 10.840 10.883 10.910    0.024 0.031 0.026 0.028 0.032  A 87794
   3018.77406 10.848 10.851 10.845 10.849 10.845    0.040 0.044 0.036 0.047 0.055  A 88066
   3029.73569 10.908 10.915 10.900 10.907 10.929    0.030 0.030 0.034 0.034 0.039  A 88658
   3031.80340 10.852 10.850 10.828 10.846 10.852    0.025 0.031 0.027 0.030 0.034  A 88896
   3033.78899 10.873 10.871 10.878 10.896 10.895    0.024 0.029 0.024 0.029 0.033  A 89080
   3036.65284 11.053 11.015 11.000 11.087 11.107    0.027 0.026 0.026 0.032 0.037  A 89366
   3040.72601 10.843 10.823 10.839 10.849 10.884    0.032 0.033 0.031 0.039 0.045  A 89604
   3042.81857 10.935 10.908 10.945 10.963 10.974    0.032 0.029 0.030 0.040 0.045  A 89856
   3045.63500 99.999 99.999 99.999 99.999 99.999    0.026 0.027 0.027 0.030 0.034  C 90193
   3048.67879 10.846 10.819 10.848 10.864 10.858    0.033 0.030 0.031 0.040 0.048  A 90611
   3051.64594 10.838 10.809 10.841 10.843 10.843    0.023 0.029 0.025 0.027 0.030  A 90997
   3053.70598 10.851 10.838 10.860 10.888 10.909    0.023 0.027 0.025 0.028 0.032  A 91291
   3055.77455 10.908 10.879 10.903 10.905 10.905    0.034 0.035 0.032 0.038 0.041  A 91591
   3060.66047 10.832 10.813 10.842 10.836 10.836    0.024 0.024 0.029 0.028 0.032  A 92217
   3062.67847 10.871 10.856 10.890 10.876 10.890    0.050 0.046 0.049 0.058 0.066  B 92495
   3064.78028 11.004 10.962 11.005 10.993 10.982    0.039 0.035 0.036 0.045 0.051  A 92801
   3067.73772 10.864 10.861 10.868 10.879 10.901    0.026 0.027 0.027 0.030 0.034  A 93080
   3069.74075 10.836 10.804 10.851 10.862 10.867    0.032 0.032 0.032 0.039 0.046  A 93374
   3071.75448 10.930 10.854 10.908 10.946 10.961    0.034 0.032 0.033 0.040 0.047  A 93667
   3073.80545 10.853 10.850 10.851 10.857 10.858    0.035 0.036 0.034 0.042 0.049  A 93928
   3076.61331 10.864 10.855 10.873 10.861 10.870    0.024 0.026 0.028 0.028 0.032  A 94258
   3078.61143 10.868 10.878 10.846 10.883 10.907    0.031 0.030 0.031 0.035 0.041  A 94561
   3080.62930 10.908 10.861 10.892 10.920 10.958    0.066 0.059 0.062 0.080 0.094  D 94854
   3082.66739 10.822 10.794 10.818 10.833 10.849    0.035 0.034 0.035 0.038 0.042  A 95164
   3086.65627 10.842 10.860 10.839 10.862 10.873    0.027 0.030 0.027 0.031 0.034  A 95460
   3088.66661 10.879 10.844 10.876 10.909 10.924    0.037 0.036 0.038 0.041 0.047  A 95774
   3090.66926 11.033 11.000 11.022 11.044 11.027    0.055 0.055 0.050 0.062 0.068  B 96079
   3092.66132 10.827 10.811 10.843 10.824 10.812    0.024 0.027 0.025 0.028 0.032  A 96385
   3096.64795 10.921 10.871 10.903 10.927 10.937    0.028 0.034 0.027 0.033 0.037  A 96657
   3098.66290 10.818 10.808 10.822 10.830 10.840    0.031 0.030 0.029 0.036 0.042  A 96978
   3100.69206 10.853 10.872 10.848 10.860 10.859    0.031 0.032 0.031 0.038 0.044  A 97290
   3102.68617 10.865 10.879 10.870 10.863 10.874    0.029 0.031 0.028 0.035 0.040  A 97608
   3104.69750 10.845 10.822 10.830 10.846 10.854    0.028 0.031 0.028 0.033 0.038  A 97928
   3106.69262 10.921 10.899 10.922 10.924 10.952    0.026 0.031 0.025 0.031 0.034  A 98239
   3108.69749 10.846 10.807 10.827 10.858 10.877    0.029 0.030 0.038 0.033 0.038  A 98556
   3110.70604 10.837 10.844 10.821 10.847 10.864    0.028 0.029 0.028 0.033 0.037  A 98875
   3112.70769 11.040 11.070 11.036 11.036 11.034    0.026 0.029 0.026 0.030 0.034  A 99184
   3118.65612 10.842 10.825 10.840 10.843 10.854    0.025 0.032 0.025 0.031 0.035  A 99925
   3122.55511 10.999 10.998 11.015 10.999 11.002    0.026 0.026 0.027 0.031 0.035  A 100180
   3124.58687 10.833 10.820 10.810 10.824 10.833    0.024 0.028 0.025 0.029 0.033  A 100531
   3126.60831 10.867 10.798 10.866 10.873 10.883    0.030 0.032 0.028 0.036 0.042  A 100868
   3128.62759 11.018 11.020 11.041 11.007 10.998    0.030 0.030 0.030 0.036 0.042  A 101195
   3130.64806 10.815 10.825 10.803 10.814 10.813    0.035 0.034 0.033 0.041 0.048  A 101490
   3132.64848 10.858 10.803 10.873 10.852 10.871    0.032 0.033 0.039 0.036 0.042  A 101823
   3144.55509 10.938 10.940 10.927 10.947 10.953    0.024 0.027 0.025 0.027 0.031  A 103245
   3146.61609 10.942 10.985 10.935 10.940 10.953    0.024 0.027 0.028 0.028 0.032  A 103510
   3154.52160 11.032 11.024 11.033 11.029 11.034    0.025 0.027 0.025 0.030 0.034  A 103899
   3158.51111 10.892 10.879 10.888 10.905 10.904    0.031 0.032 0.035 0.036 0.043  A 104360
   3160.52959 10.943 10.929 10.931 10.953 10.965    0.036 0.032 0.033 0.044 0.051  A 104657
   3163.54146 10.926 10.930 10.921 10.918 10.913    0.025 0.030 0.025 0.029 0.033  A 104990
   3165.54549 10.799 10.803 10.807 10.824 10.847    0.025 0.028 0.025 0.030 0.035  A 105336
   3168.55532 10.830 10.824 10.834 10.838 10.841    0.027 0.027 0.027 0.032 0.036  A 105726
   3177.45901 10.904 10.882 10.916 10.897 10.885    0.045 0.035 0.039 0.050 0.055  A 106842
   3184.50874 10.811 10.832 10.804 10.809 10.820    0.028 0.027 0.028 0.034 0.039  A 107789
   3187.47858 10.838 10.800 10.830 10.867 10.880    0.031 0.033 0.030 0.037 0.043  A 108219
   3296.87034 10.863 10.874 10.862 10.864 10.884    0.029 0.038 0.035 0.032 0.036  A 118745
   3355.78075 10.842 10.799 10.832 10.856 10.878    0.038 0.068 0.043 0.041 0.044  B 124402
   3358.76660 10.820 10.846 10.814 10.820 10.824    0.029 0.048 0.031 0.035 0.039  A 124734
   3365.76297 10.937 10.904 10.946 10.916 10.898    0.037 0.052 0.037 0.043 0.050  A 125094
   3385.69965 10.863 10.888 10.876 10.867 10.878    0.028 0.037 0.029 0.033 0.037  A 126056
   3387.74083 99.999 99.999 99.999 99.999 99.999    0.035 0.036 0.034 0.041 0.047  C 126353
   3390.67473 10.848 10.824 10.856 10.856 10.874    0.032 0.044 0.034 0.037 0.041  A 126734
   3392.75391 10.807 10.794 10.805 10.808 10.818    0.036 0.046 0.038 0.043 0.048  A 126978
   3395.74298 10.869 10.867 10.867 10.869 10.891    0.030 0.042 0.031 0.036 0.042  A 127294
   3397.77703 11.000 10.985 10.979 11.009 11.011    0.030 0.039 0.030 0.036 0.040  A 127550
   3400.66121 10.876 10.845 10.898 10.863 10.873    0.031 0.037 0.031 0.034 0.038  A 127918
   3403.70473 10.861 10.800 10.856 10.875 10.899    0.027 0.028 0.026 0.030 0.033  A 128274
   3405.70861 10.831 10.820 10.836 10.832 10.833    0.027 0.030 0.028 0.029 0.032  A 128589
   3407.78167 10.838 10.798 10.810 10.847 10.858    0.033 0.047 0.033 0.036 0.039  A 128929
   3409.75622 10.875 10.924 10.871 10.893 10.889    0.031 0.056 0.032 0.035 0.039  A 129230
   3411.82159 10.859 10.877 10.859 10.869 10.881    0.033 0.044 0.032 0.037 0.040  A 129549
   3414.62426 10.866 10.875 10.864 10.867 10.881    0.028 0.037 0.029 0.031 0.034  A 129938
   3416.66712 10.924 10.882 10.919 10.948 10.996    0.034 0.039 0.032 0.040 0.047  A 130278
   3418.67113 10.842 10.838 10.820 10.850 10.844    0.032 0.045 0.032 0.036 0.040  A 130588
   3420.65527 10.867 10.868 10.851 10.864 10.844    0.053 0.054 0.045 0.066 0.080  D 130906
   3422.67448 10.870 10.871 10.887 10.876 10.879    0.036 0.051 0.037 0.044 0.051  A 131222
   3424.68282 10.812 10.854 10.806 10.808 10.811    0.032 0.042 0.030 0.038 0.044  A 131523
   3426.68393 10.991 10.990 10.992 11.000 11.020    0.030 0.052 0.031 0.036 0.040  A 131858
   3430.69572 10.831 10.844 10.835 10.821 10.822    0.027 0.033 0.026 0.031 0.036  A 132213
   3432.69235 11.007 11.000 11.012 11.015 11.022    0.034 0.047 0.032 0.039 0.044  A 132538
   3434.68526 10.791 10.834 10.796 10.796 10.803    0.033 0.046 0.034 0.037 0.041  A 132853
   3438.56644 10.857 10.870 10.836 10.868 10.896    0.028 0.031 0.028 0.034 0.038  A 133164
   3440.67386 10.833 10.828 10.813 10.837 10.852    0.025 0.026 0.028 0.029 0.033  A 133498
   3443.73043 10.850 10.839 10.831 10.857 10.865    0.026 0.049 0.028 0.030 0.034  A 133779
   3445.71798 10.942 10.949 10.946 10.947 10.947    0.031 0.043 0.032 0.033 0.036  A 134132
   3447.72022 10.788 10.704 10.748 10.807 10.818    0.046 0.092 0.049 0.053 0.059  D 134770
   3449.74634 10.804 10.793 10.801 10.817 10.827    0.049 0.058 0.048 0.056 0.063  B 135106
   3452.60340 10.841 10.834 10.859 10.830 10.835    0.043 0.081 0.048 0.048 0.054  B 135477
   3454.67656 10.936 10.920 10.939 10.930 10.942    0.034 0.044 0.033 0.040 0.045  A 135838
   3456.66889 10.856 10.869 10.850 10.856 10.867    0.031 0.031 0.029 0.037 0.041  A 136188
   3458.65790 10.884 10.907 10.870 10.888 10.890    0.029 0.059 0.030 0.033 0.038  A 136539
   3460.65779 10.872 10.928 10.879 10.869 10.878    0.034 0.065 0.036 0.040 0.044  B 136905
   3462.66493 10.831 10.801 10.848 10.817 10.809    0.035 0.056 0.036 0.039 0.043  A 137179
   3464.69741 10.991 10.967 10.982 10.997 11.011    0.027 0.036 0.027 0.032 0.034  A 137513
   3467.71378 11.035 11.047 11.009 11.037 11.050    0.029 0.037 0.030 0.034 0.038  A 137950
   3470.50217 10.851 10.874 10.849 10.852 10.853    0.026 0.037 0.028 0.030 0.035  A 138359
   3472.53880 10.836 10.839 10.838 10.840 10.855    0.028 0.034 0.029 0.032 0.036  A 138680
   3474.58771 10.953 10.951 10.935 10.955 10.971    0.032 0.030 0.030 0.036 0.039  A 139024
   3476.65529 10.871 10.901 10.880 10.868 10.860    0.035 0.046 0.034 0.042 0.047  A 139380
   3478.64272 10.774 10.681 10.763 10.793 10.796    0.039 0.069 0.044 0.043 0.047  B 139722
   3480.63809 11.054 11.067 11.054 11.057 11.080    0.038 0.055 0.040 0.043 0.047  A 140003
   3482.64561 10.836 10.782 10.803 10.842 10.851    0.037 0.058 0.040 0.042 0.047  A 140327
   3484.68522 10.918 10.963 10.929 10.929 10.928    0.055 0.059 0.050 0.069 0.081  D 140637
   3489.63637 10.883 10.915 10.890 10.879 10.888    0.029 0.041 0.031 0.032 0.036  A 140951
   3491.64721 10.798 10.825 10.806 10.800 10.806    0.036 0.048 0.034 0.042 0.047  A 141313
   3495.63996 10.826 10.830 10.824 10.824 10.827    0.025 0.030 0.027 0.029 0.032  A 141638
   3499.54903 10.923 10.861 10.926 10.924 10.924    0.033 0.056 0.035 0.038 0.043  A 142089
   3501.55942 10.854 10.852 10.831 10.865 10.882    0.035 0.075 0.041 0.038 0.042  B 142425
   3503.62162 10.848 10.866 10.823 10.863 10.872    0.033 0.065 0.039 0.038 0.043  B 142802
   3509.58369 10.869 10.869 10.868 10.866 10.873    0.027 0.032 0.030 0.031 0.034  A 143405
   3512.59864 10.935 10.943 10.914 10.946 10.954    0.030 0.038 0.031 0.035 0.041  A 143849
   3516.59898 10.850 10.835 10.866 10.859 10.858    0.032 0.045 0.034 0.038 0.043  A 144165
   3520.57068 10.867 10.838 10.868 10.864 10.882    0.032 0.042 0.031 0.037 0.041  A 144649
   3522.58664 10.872 10.867 10.848 10.889 10.930    0.059 0.098 0.058 0.069 0.076  D 145004
   3525.52299 10.989 11.006 10.993 11.002 11.012    0.028 0.049 0.030 0.033 0.036  A 145458
   3529.54677 10.807 10.777 10.799 10.818 10.828    0.029 0.035 0.030 0.032 0.036  A 146163
   3539.52321 10.830 10.833 10.811 10.851 10.869    0.032 0.032 0.028 0.038 0.045  A 146997
   3543.50417 10.876 10.880 10.857 10.891 10.886    0.034 0.034 0.033 0.039 0.045  A 147511
   3547.50128 11.067 11.028 11.070 11.069 11.078    0.027 0.034 0.029 0.031 0.034  A 147987
   3556.47374 10.863 10.871 10.836 10.863 10.867    0.028 0.046 0.033 0.032 0.035  A 149019
   3560.46417 11.007 10.972 10.998 11.010 11.017    0.030 0.041 0.030 0.035 0.039  A 149504
   3563.46025 11.023 11.043 11.031 11.017 11.014    0.026 0.036 0.026 0.031 0.036  A 150025
   3641.89240 10.866 10.845 10.850 10.894 10.911    0.029 0.037 0.031 0.033 0.037  A 160261
   3651.85839 10.867 10.857 10.844 10.884 10.893    0.039 0.041 0.037 0.047 0.054  A 161525
   3655.85010 10.862 10.825 10.852 10.867 10.885    0.028 0.035 0.026 0.032 0.036  A 162096
   3658.87637 10.841 10.857 10.809 10.864 10.881    0.034 0.049 0.036 0.041 0.047  A 162558
   3662.85514 10.849 10.910 10.844 10.881 10.909    0.039 0.045 0.035 0.047 0.055  A 163141
   3666.83995 11.028 11.052 11.028 11.033 11.045    0.037 0.046 0.035 0.044 0.050  A 163723
   3670.83681 10.869 10.843 10.872 10.867 10.879    0.028 0.036 0.031 0.033 0.037  A 164181
   3674.81495 99.999 99.999 99.999 99.999 99.999    0.028 0.039 0.027 0.033 0.037  C 164747
   3678.84642 10.878 10.857 10.893 10.881 10.897    0.033 0.072 0.038 0.037 0.041  B 165243
   3701.78533 11.004 11.028 10.990 10.990 10.993    0.044 0.046 0.042 0.052 0.059  A 168227
   3705.77738 10.863 10.911 10.854 10.860 10.865    0.037 0.054 0.037 0.043 0.049  A 168754
   3712.83217 10.827 10.866 10.814 10.829 10.823    0.027 0.039 0.030 0.032 0.036  A 169471
   3715.80437 10.786 10.744 10.776 10.789 10.796    0.043 0.080 0.047 0.046 0.049  B 169881
   3718.79090 10.873 10.809 10.867 10.880 10.905    0.039 0.039 0.036 0.045 0.053  A 170252
   3721.77934 10.834 10.817 10.836 10.836 10.837    0.030 0.037 0.030 0.036 0.041  A 170612
   3724.79825 10.879 10.908 10.876 10.886 10.896    0.035 0.061 0.039 0.040 0.045  A 170921
   3727.76473 10.910 10.858 10.909 10.919 10.929    0.031 0.035 0.029 0.038 0.043  A 171319
   3731.76897 10.838 10.846 10.824 10.837 10.847    0.033 0.036 0.033 0.038 0.043  A 171730
   3734.76969 10.849 10.850 10.861 10.840 10.843    0.044 0.042 0.040 0.055 0.065  B 172117
   3737.74458 10.858 10.835 10.885 10.861 10.862    0.027 0.031 0.027 0.030 0.035  A 172525
   3740.71651 10.845 10.827 10.824 10.840 10.845    0.036 0.072 0.043 0.039 0.042  B 172935
   3743.72238 10.903 10.919 10.885 10.915 10.927    0.029 0.037 0.030 0.034 0.039  A 173308
   3745.80749 10.884 10.898 10.885 10.889 10.898    0.029 0.033 0.028 0.033 0.038  A 173607
   3748.70958 10.841 10.842 10.842 10.845 10.840    0.035 0.038 0.033 0.041 0.047  A 173979
   3751.69356 10.853 10.855 10.847 10.852 10.871    0.035 0.038 0.033 0.043 0.050  A 174396
   3753.78984 10.836 10.819 10.837 10.837 10.842    0.035 0.049 0.037 0.042 0.049  A 174699
   3756.67479 10.849 10.850 10.854 10.857 10.864    0.039 0.053 0.039 0.047 0.055  A 175071
   3758.73939 10.888 10.883 10.892 10.892 10.888    0.027 0.033 0.028 0.032 0.036  A 175376
   3760.88098 10.853 10.907 10.844 10.862 10.859    0.039 0.058 0.041 0.045 0.049  A 175699
   3763.66699 10.831 10.861 10.822 10.851 10.862    0.034 0.040 0.032 0.040 0.046  A 176025
   3765.79411 10.853 10.828 10.851 10.856 10.869    0.035 0.075 0.040 0.039 0.043  B 176345
   3768.65702 10.992 10.957 10.989 10.992 10.996    0.030 0.036 0.029 0.035 0.039  A 176719
   3770.76906 10.830 10.763 10.809 10.841 10.868    0.051 0.062 0.050 0.060 0.068  B 177016
   3773.63881 10.792 10.826 10.781 10.805 10.817    0.035 0.035 0.032 0.044 0.051  A 177358
   3775.68834 10.881 10.898 10.864 10.891 10.906    0.033 0.034 0.030 0.041 0.047  A 177661
   3779.76299 10.816 10.832 10.831 10.838 10.863    0.044 0.062 0.043 0.053 0.059  A 178294
   3783.63491 10.801 10.833 10.790 10.803 10.806    0.042 0.046 0.038 0.052 0.062  B 178669
   3788.64683 10.860 10.883 10.845 10.872 10.880    0.036 0.062 0.039 0.041 0.045  A 178979
   3790.70316 11.141 11.227 11.168 11.138 11.156    0.034 0.063 0.036 0.041 0.047  B 179269
   3792.76571 10.827 10.795 10.830 10.825 10.833    0.036 0.043 0.035 0.043 0.049  A 179596
   3795.58764 10.824 10.874 10.821 10.835 10.843    0.031 0.054 0.034 0.036 0.041  A 179960
   3797.63756 10.980 10.977 10.978 10.985 10.986    0.034 0.053 0.036 0.038 0.044  A 180257
   3799.70463 10.844 10.872 10.843 10.847 10.847    0.032 0.056 0.033 0.037 0.042  A 180559
   3802.60706 10.860 10.859 10.877 10.862 10.888    0.040 0.059 0.039 0.048 0.054  A 180884
   3806.67425 10.994 10.971 11.015 10.972 10.972    0.037 0.058 0.038 0.043 0.049  A 181480
   3808.79241 10.883 10.915 10.879 10.889 10.909    0.041 0.063 0.043 0.049 0.056  B 181711
   3811.53604 10.845 10.818 10.850 10.839 10.839    0.036 0.048 0.036 0.044 0.050  A 182100
   3813.58611 11.032 11.047 11.036 11.029 11.030    0.037 0.052 0.037 0.044 0.050  A 182438
   3815.61025 10.867 10.871 10.871 10.881 10.895    0.034 0.053 0.034 0.041 0.045  A 182768
   3817.63724 10.857 10.889 10.857 10.867 10.883    0.033 0.049 0.034 0.037 0.041  A 183091
   3819.65637 11.047 11.033 11.036 11.062 11.065    0.033 0.048 0.030 0.039 0.043  A 183422
   3821.70969 10.844 10.831 10.838 10.842 10.843    0.039 0.059 0.040 0.045 0.051  A 183760
   3823.74034 10.804 10.784 10.786 10.799 10.799    0.043 0.070 0.045 0.052 0.059  B 184096
   3825.76284 10.995 11.033 10.971 11.000 11.016    0.044 0.045 0.042 0.054 0.064  B 184441
   3828.53745 10.863 10.886 10.858 10.867 10.880    0.032 0.043 0.033 0.037 0.042  A 184875
   3830.60018 10.855 10.800 10.856 10.860 10.870    0.031 0.048 0.032 0.036 0.040  A 185230
   3832.61495 10.970 10.946 10.966 10.991 11.010    0.033 0.061 0.035 0.039 0.044  A 185590
   3834.60650 10.856 10.814 10.840 10.858 10.856    0.036 0.060 0.039 0.041 0.046  A 185932
   3836.63948 10.812 10.830 10.816 10.815 10.830    0.040 0.038 0.036 0.050 0.057  A 186278
   3848.63565 10.890 10.919 10.903 10.875 10.885    0.052 0.047 0.046 0.063 0.075  D 186912
   3850.65503 10.866 10.844 10.863 10.868 10.879    0.028 0.033 0.028 0.032 0.036  A 187259
   3852.65926 10.835 10.823 10.834 10.831 10.842    0.030 0.047 0.031 0.035 0.039  A 187613
   3854.67715 10.939 10.928 10.935 10.943 10.954    0.029 0.032 0.029 0.034 0.037  A 187985
   3859.66492 10.840 10.866 10.840 10.841 10.843    0.035 0.042 0.034 0.041 0.047  A 188677
   3861.62848 10.881 10.866 10.880 10.881 10.876    0.031 0.046 0.033 0.035 0.040  A 189012
   3863.61452 10.855 10.852 10.865 10.855 10.853    0.034 0.047 0.033 0.038 0.042  A 189350
   3865.63209 10.854 10.869 10.864 10.872 10.878    0.035 0.069 0.038 0.041 0.047  B 189708
   3868.52918 10.840 10.790 10.843 10.840 10.857    0.041 0.077 0.044 0.046 0.051  B 190158
   3870.53177 11.019 10.973 11.020 11.027 11.030    0.032 0.061 0.034 0.038 0.042  A 190519
   3872.54894 10.865 10.811 10.852 10.858 10.868    0.032 0.051 0.035 0.035 0.039  A 190899
   3876.55349 10.897 10.842 10.903 10.907 10.927    0.031 0.065 0.035 0.036 0.038  B 191311
   3882.50952 10.850 10.840 10.846 10.863 10.876    0.036 0.060 0.039 0.040 0.042  A 192050
   3886.53682 11.036 10.991 11.051 11.034 11.028    0.031 0.045 0.033 0.035 0.040  A 192436
   3888.55589 10.818 10.793 10.792 10.870 10.905    0.102 0.084 0.088 0.126 0.147  D 192817
   3890.55409 10.860 10.822 10.864 10.870 10.886    0.031 0.051 0.036 0.035 0.038  A 193150
   3892.55722 10.945 10.945 10.972 10.944 10.961    0.032 0.048 0.035 0.039 0.045  A 193499
   3896.56270 10.868 10.801 10.863 10.873 10.878    0.037 0.043 0.040 0.044 0.052  A 194009
   3899.50098 11.021 11.045 11.040 11.029 11.036    0.039 0.053 0.039 0.047 0.055  A 194472
   3901.53218 10.827 10.787 10.838 10.819 10.828    0.029 0.035 0.029 0.034 0.037  A 194807
   3904.48434 10.830 10.856 10.826 10.824 10.836    0.028 0.051 0.032 0.032 0.035  A 195362
   3906.49968 10.830 10.864 10.842 10.821 10.831    0.027 0.034 0.027 0.032 0.035  A 195744
   3908.51068 10.967 10.972 10.984 10.964 10.953    0.028 0.041 0.027 0.033 0.038  A 196136
   4089.73176 10.815 10.775 10.806 10.821 10.827    0.049 0.056 0.043 0.059 0.067  B 209162
   4103.81025 10.859 10.887 10.865 10.852 10.849    0.035 0.043 0.035 0.042 0.048  A 210651
   4106.71906 10.840 10.836 10.843 10.836 10.861    0.034 0.039 0.032 0.041 0.047  A 210987
   4109.77547 10.844 10.860 10.830 10.852 10.869    0.033 0.040 0.033 0.038 0.042  A 211289
   4125.79923 10.841 10.844 10.815 10.840 10.832    0.030 0.040 0.033 0.033 0.037  A 211591
   4128.65442 10.765 10.782 10.790 10.753 10.757    0.046 0.088 0.052 0.050 0.055  B 211937
   4130.72091 11.003 10.966 10.985 11.008 11.001    0.046 0.079 0.046 0.053 0.059  B 212219
   4132.70661 10.850 10.852 10.861 10.840 10.842    0.029 0.042 0.030 0.035 0.039  A 212470
   4134.74745 10.859 10.820 10.861 10.861 10.871    0.033 0.039 0.033 0.040 0.046  A 212766
   4136.77744 11.275 11.602 11.484 11.216 11.198    0.039 0.040 0.035 0.047 0.054  A 213030
   4145.78075 10.998 11.006 10.994 11.009 11.008    0.031 0.042 0.031 0.036 0.041  A 214311
   4149.66625 10.844 10.854 10.815 10.862 10.908    0.037 0.038 0.034 0.045 0.053  A 214666
   4151.70234 10.866 10.865 10.858 10.872 10.885    0.026 0.032 0.027 0.031 0.035  A 214984
   4153.67804 10.826 10.801 10.840 10.824 10.820    0.027 0.053 0.029 0.032 0.036  A 215290
   4155.69989 10.899 10.901 10.903 10.896 10.902    0.030 0.057 0.031 0.036 0.041  A 215587
   4157.76321 10.870 10.847 10.863 10.870 10.872    0.036 0.043 0.035 0.042 0.048  A 215879
   4159.78975 10.811 10.796 10.823 10.802 10.803    0.029 0.038 0.030 0.035 0.039  A 216197
   4161.72338 11.047 11.066 11.043 11.066 11.098    0.035 0.052 0.033 0.042 0.048  A 216493
   4163.72786 10.791 10.738 10.780 10.799 10.825    0.044 0.076 0.046 0.049 0.053  B 216788
   4165.76352 10.857 10.865 10.853 10.882 10.920    0.039 0.057 0.039 0.045 0.050  A 217082
   4168.77461 10.835 10.826 10.829 10.844 10.855    0.031 0.037 0.032 0.035 0.041  A 217488
   4173.74032 10.827 10.785 10.854 10.815 10.816    0.033 0.046 0.036 0.038 0.044  A 218105
   4178.75944 10.871 10.833 10.852 10.893 10.925    0.060 0.050 0.051 0.076 0.088  D 218731
   4180.77976 10.938 10.961 10.917 10.965 10.995    0.048 0.063 0.046 0.058 0.067  B 219035
   4183.54551 10.831 10.837 10.825 10.827 10.826    0.034 0.049 0.036 0.037 0.041  A 219377
   4185.56662 10.817 10.820 10.818 10.816 10.811    0.033 0.034 0.033 0.038 0.043  A 219668
   4190.69900 10.859 10.811 10.864 10.869 10.873    0.031 0.034 0.032 0.035 0.041  A 220259
   4192.69799 10.842 10.828 10.850 10.841 10.862    0.033 0.042 0.036 0.038 0.043  A 220582
   4194.73934 10.827 10.859 10.831 10.810 10.804    0.036 0.046 0.038 0.042 0.048  A 220910
   4197.73166 10.833 10.860 10.833 10.833 10.827    0.042 0.046 0.039 0.052 0.060  A 221232
   4200.63586 10.850 10.875 10.845 10.869 10.881    0.026 0.037 0.029 0.031 0.035  A 221486
   4203.64521 10.832 10.854 10.809 10.836 10.853    0.033 0.056 0.036 0.037 0.041  A 221784
   4205.65179 10.884 10.822 10.873 10.885 10.882    0.037 0.042 0.036 0.042 0.048  A 222115
   4215.65812 11.039 11.076 11.021 11.050 11.061    0.032 0.037 0.033 0.038 0.044  A 222691
   4227.58996 99.999 10.834 10.881 99.999 99.999    0.029 0.040 0.034 0.032 0.036  C 223141
   4229.59987 10.835 10.804 10.860 10.820 10.822    0.026 0.036 0.030 0.031 0.035  A 223501
   4231.60492 11.024 11.049 11.009 11.042 11.048    0.031 0.038 0.033 0.037 0.041  A 223861
   4233.60675 10.837 10.828 10.848 10.839 10.850    0.026 0.032 0.030 0.030 0.035  A 224208
   4235.60495 10.848 10.829 10.857 10.848 10.867    0.027 0.033 0.029 0.032 0.036  A 224575
   4237.62170 10.901 10.857 10.889 10.901 10.907    0.051 0.055 0.049 0.061 0.071  B 224872
   4246.57488 10.852 10.771 10.867 10.865 10.868    0.038 0.051 0.041 0.043 0.048  A 226198
   4249.58075 10.834 10.861 10.811 10.841 10.850    0.031 0.040 0.034 0.036 0.041  A 226598
   4253.58534 10.903 10.906 10.914 10.911 10.913    0.033 0.039 0.037 0.037 0.041  A 226831
   4256.54377 10.860 10.825 10.874 10.859 10.859    0.029 0.031 0.031 0.033 0.038  A 227219
   4258.55947 10.839 10.802 10.811 10.843 10.868    0.030 0.049 0.037 0.036 0.040  A 227490
   4268.52157 10.811 10.810 10.843 10.802 10.814    0.068 0.059 0.060 0.083 0.100  D 227941
   4276.51446 29.999 29.999 29.999 29.999 29.999    0.031 0.037 0.034 0.037 0.042  C 228815
   4281.48677 10.821 10.804 10.828 10.814 10.826    0.037 0.041 0.035 0.045 0.052  A 229279
   4284.48775 10.808 10.777 10.804 10.819 10.822    0.031 0.047 0.031 0.036 0.041  A 229754
   4286.48509 10.818 10.817 10.820 10.823 10.822    0.034 0.038 0.034 0.041 0.047  A 230118
   4292.45782 10.991 10.974 10.987 10.984 10.987    0.029 0.050 0.035 0.033 0.037  A 230809
   4294.47341 10.854 10.883 10.833 10.865 10.870    0.029 0.035 0.033 0.032 0.037  A 231170
   4297.46017 10.803 10.797 10.810 10.809 10.839    0.040 0.044 0.038 0.050 0.060  A 231682
   4350.91287 10.953 10.982 10.950 10.972 10.989    0.036 0.038 0.034 0.043 0.050  A 238537
   4364.88832 10.889 10.882 10.885 10.892 10.922    0.031 0.037 0.035 0.036 0.041  A 240587
   4368.89457 10.860 10.869 10.813 10.868 10.895    0.036 0.043 0.041 0.042 0.048  A 241071
   4372.88979 10.878 10.856 10.865 10.910 10.932    0.041 0.039 0.038 0.051 0.058  A 241717
   4377.86980 10.828 10.833 10.812 10.843 10.857    0.038 0.047 0.038 0.046 0.053  A 242340
   4381.86848 10.854 10.851 10.851 10.872 10.896    0.041 0.038 0.040 0.047 0.053  A 242952
   4385.86133 10.926 10.883 10.954 10.936 10.947    0.030 0.036 0.035 0.034 0.038  A 243571
   4403.84621 99.999 99.999 99.999 99.999 99.999    0.033 0.039 0.035 0.040 0.046  C 245332
   4408.81391 10.920 10.882 10.892 10.937 10.933    0.037 0.056 0.042 0.042 0.048  A 245782
   4412.83844 10.780 10.806 10.774 10.789 10.806    0.033 0.043 0.036 0.039 0.044  A 246194
   4421.85588 10.846 10.873 10.839 10.856 10.856    0.036 0.041 0.036 0.041 0.047  A 246614
   4425.85929 10.815 10.852 10.820 10.814 10.806    0.033 0.053 0.036 0.036 0.040  A 246902
   4429.79316 10.867 10.873 10.871 10.864 10.878    0.036 0.045 0.038 0.043 0.050  A 247353
   4432.85646 10.840 10.774 10.849 10.829 10.835    0.037 0.057 0.041 0.042 0.048  A 247741
   4435.82911 10.819 10.821 10.792 10.817 10.817    0.030 0.045 0.035 0.035 0.039  A 248092
   4438.85795 10.814 10.844 10.795 10.811 10.821    0.037 0.038 0.036 0.043 0.051  A 248478
   4441.84585 10.853 10.832 10.864 10.856 10.865    0.032 0.035 0.034 0.037 0.043  A 248849
   4452.77798 10.899 10.869 10.923 10.876 10.894    0.050 0.059 0.046 0.061 0.071  B 250055
   4455.76801 10.869 10.914 10.858 10.880 10.895    0.030 0.038 0.032 0.035 0.040  A 250383
   4458.75721 10.831 10.841 10.854 10.826 10.835    0.039 0.045 0.039 0.046 0.054  A 250738
   4461.74235 10.839 10.840 10.805 10.844 10.852    0.030 0.035 0.032 0.034 0.039  A 251070
   4464.74138 99.999 99.999 99.999 99.999 99.999    0.036 0.060 0.039 0.040 0.044  C 251448
   4467.73912 10.828 10.813 10.801 10.835 10.843    0.034 0.045 0.036 0.039 0.045  A 251788
   4470.74340 10.805 10.795 10.797 10.810 10.824    0.034 0.042 0.032 0.043 0.049  A 252132
   4473.82187 10.830 10.786 10.839 10.838 10.849    0.041 0.042 0.040 0.047 0.053  A 252426
   4477.72578 10.858 10.804 10.861 10.869 99.999    0.030 0.043 0.032 0.035 0.040  C 252797
   4480.70357 10.784 10.810 10.804 10.791 10.803    0.040 0.045 0.039 0.048 0.054  A 253156
   4484.71104 10.976 11.014 10.992 10.967 10.969    0.032 0.045 0.034 0.037 0.044  A 253501
   4486.74024 10.868 10.890 10.859 10.877 10.881    0.036 0.038 0.035 0.043 0.050  A 253743
   4489.66514 10.870 10.849 10.848 10.902 10.906    0.031 0.035 0.033 0.037 0.043  A 254072
   4491.72369 10.836 10.845 10.827 10.848 10.861    0.033 0.054 0.039 0.038 0.042  A 254307
   4493.74773 10.841 10.852 10.824 10.850 10.845    0.028 0.034 0.029 0.033 0.037  A 254562
   4497.69508 11.006 11.016 11.007 11.004 11.022    0.036 0.039 0.038 0.039 0.044  A 254781
   4499.80240 10.877 10.888 10.905 10.867 10.884    0.031 0.056 0.037 0.035 0.040  A 255080
   4504.83116 10.839 10.786 10.848 10.841 10.854    0.029 0.040 0.034 0.033 0.037  A 255766
   4507.63597 29.999 29.999 29.999 29.999 29.999    0.041 0.046 0.039 0.049 0.057  C 256140
   4509.72910 10.838 10.826 10.800 10.864 10.871    0.042 0.065 0.045 0.048 0.053  B 256451
   4511.80384 10.849 10.879 10.836 10.860 10.868    0.031 0.051 0.035 0.036 0.040  A 256734
   4515.65835 10.800 10.817 10.792 10.813 10.827    0.032 0.041 0.033 0.039 0.044  A 257022
   4517.71992 10.860 10.898 10.855 10.872 10.889    0.041 0.066 0.046 0.045 0.050  B 257291
   4519.74972 11.042 10.988 11.040 11.058 11.068    0.038 0.039 0.036 0.045 0.051  A 257609
   4521.77826 10.842 10.837 10.841 10.849 10.873    0.030 0.041 0.032 0.034 0.040  A 257893
   4523.85195 10.820 10.857 10.797 10.825 10.833    0.031 0.036 0.034 0.035 0.040  A 258225
   4526.60149 11.071 11.040 11.034 11.084 11.109    0.039 0.040 0.038 0.046 0.053  A 258566
   4528.66462 10.836 10.858 10.834 10.834 10.841    0.039 0.048 0.040 0.043 0.048  A 258891
   4530.74509 10.824 10.799 10.801 10.842 10.863    0.029 0.040 0.032 0.034 0.037  A 259220
   4533.61006 10.874 10.860 10.830 10.884 10.887    0.038 0.042 0.039 0.043 0.049  A 259616
   4536.67039 10.852 10.852 10.870 10.847 10.852    0.028 0.040 0.032 0.032 0.036  A 259942
   4538.70819 11.026 11.001 11.028 11.023 11.025    0.034 0.055 0.037 0.039 0.043  A 260251
   4540.76572 10.817 10.794 10.836 10.813 10.814    0.045 0.049 0.042 0.055 0.065  B 260551
   4542.67284 10.781 10.748 10.758 10.762 10.774    0.045 0.064 0.046 0.053 0.061  B 260841
   4546.70762 10.848 10.836 10.818 10.842 10.836    0.039 0.046 0.037 0.048 0.055  A 261461
   4548.71838 10.887 10.879 10.850 10.912 10.918    0.038 0.049 0.038 0.045 0.052  A 261804
   4553.68439 99.999 99.999 99.999 99.999 99.999    0.072 0.069 0.065 0.085 0.102  D 262410
   4555.69632 10.859 10.830 10.878 10.860 10.873    0.030 0.047 0.034 0.034 0.039  A 262720
   4557.74208 11.018 11.057 11.024 11.024 11.034    0.031 0.044 0.035 0.035 0.041  A 263060
   4560.57145 10.864 10.898 10.880 10.861 10.863    0.034 0.055 0.040 0.038 0.043  A 263501
   4562.61905 10.809 10.778 10.830 10.806 10.808    0.033 0.046 0.035 0.039 0.046  A 263856
   4566.68827 10.863 10.884 10.851 10.878 10.882    0.035 0.042 0.034 0.039 0.043  A 264544
   4568.70011 10.806 10.777 10.815 10.809 10.819    0.033 0.037 0.035 0.038 0.043  A 264857
   4570.71019 10.954 10.917 10.951 10.955 10.954    0.031 0.044 0.034 0.036 0.041  A 265189
   4572.62131 10.850 10.847 10.856 10.870 10.895    0.035 0.048 0.037 0.041 0.047  A 265507
   4574.63319 10.839 10.889 10.848 10.847 10.858    0.038 0.047 0.038 0.044 0.052  A 265836
#ndata= 17
#dataset= 4 ; 1 F0945-48_103
#desig= 091314-5117.8
#cra=    9.220674  09:13:14.4
#cdec= -51.297449 -51:17:50.8
#class= 0
#cmag_0= 10.837
#cmer_0=  0.041
#nskip_0= 1
#cmag_1= 10.847
#cmer_1=  0.047
#nskip_1= 0
#cmag_2= 10.854
#cmer_2=  0.048
#nskip_2= 0
#cmag_3= 10.855
#cmer_3=  0.048
#nskip_3= 0
#cmag_4= 10.871
#cmer_4=  0.048
#nskip_4= 0
#ra=    9.220674  09:13:14.4
#dec= -51.297449 -51:17:50.8
#     HJD      MAG_2  MAG_0  MAG_1  MAG_3  MAG_4    MER_2 MER_0 MER_1 MER_3 MER_4 GRADE FRAME
   2685.77347 10.883 10.807 10.885 10.893 10.888    0.036 0.038 0.040 0.043 0.047  A 40235
   2719.71831 11.015 10.921 11.017 11.021 11.035    0.034 0.050 0.041 0.038 0.041  A 46131
   2724.67329 10.813 10.787 10.807 10.816 10.828    0.030 0.036 0.031 0.035 0.040  A 47076
   2954.82852 10.854 10.829 10.820 10.865 10.885    0.032 0.035 0.032 0.039 0.044  A 80019
   2998.78182 10.825 10.850 10.834 10.830 10.848    0.030 0.031 0.031 0.035 0.040  A 85777
   3358.80635 10.826 10.775 10.811 10.827 10.850    0.034 0.059 0.038 0.038 0.042  A 124743
   3362.75672 10.978 10.958 10.979 10.968 10.990    0.038 0.051 0.038 0.045 0.051  A 124874
   3385.73094 99.999 10.852 10.858 99.999 99.999    0.030 0.038 0.031 0.035 0.039  C 126067
   3387.78125 10.899 10.840 10.886 10.876 10.893    0.038 0.044 0.041 0.045 0.050  A 126367
   3393.76310 10.826 10.837 10.830 10.806 10.816    0.041 0.054 0.041 0.048 0.054  A 127042
   4089.79830 10.826 10.762 10.819 10.827 10.850    0.042 0.069 0.045 0.049 0.054  A 209184
   4106.74880 10.825 10.826 10.838 10.797 10.796    0.037 0.037 0.035 0.044 0.050  A 210998
   4109.80600 10.851 10.857 10.848 10.862 10.880    0.040 0.066 0.043 0.045 0.050  A 211300
   4378.88330 10.778 10.888 10.757 10.787 10.818    0.048 0.054 0.048 0.057 0.066  A 242503
   4391.85180 10.853 10.815 10.822 10.840 10.870    0.061 0.063 0.057 0.074 0.088  D 244453
   4410.82752 10.818 10.888 10.827 10.826 10.876    0.035 0.044 0.035 0.041 0.046  A 246032
   4440.82606 10.885 10.914 10.884 10.885 10.895    0.038 0.058 0.042 0.044 0.050  A 248724
