#ndata= 368
#dataset= 1 ; 1 F1632-08_319
#desig= 163624-0621.9
#cra=   16.606738  16:36:24.3
#cdec=  -6.365813 -6:21:56.9
#class= 0
#cmag_0= 12.350
#cmer_0=  0.159
#nskip_0= 0
#cmag_1= 12.341
#cmer_1=  0.157
#nskip_1= 2
#cmag_2= 12.316
#cmer_2=  0.153
#nskip_2= 2
#cmag_3= 12.282
#cmer_3=  0.157
#nskip_3= 2
#cmag_4= 12.244
#cmer_4=  0.160
#nskip_4= 1
#ra=   16.606738  16:36:24.3
#dec=  -6.365813 -6:21:56.9
#     HJD      MAG_0  MAG_1  MAG_2  MAG_3  MAG_4    MER_0 MER_1 MER_2 MER_3 MER_4 GRADE FRAME
   1937.88303 12.404 12.386 12.343 12.304 12.293    0.033 0.029 0.026 0.030 0.035  A 8216
   1940.87648 12.304 12.319 12.313 12.285 12.236    0.034 0.028 0.023 0.026 0.029  A 8578
   1947.86212 12.144 12.116 12.139 12.110 12.044    0.037 0.026 0.024 0.027 0.032  A 8992
   1949.87616 12.099 12.070 12.110 12.117 12.112    0.051 0.039 0.030 0.030 0.034  A 9293
   1953.85392 11.972 12.013 12.050 12.058 12.086    0.043 0.043 0.034 0.036 0.039  A 9767
   1958.86351 11.996 12.053 12.052 12.057 12.035    0.037 0.036 0.027 0.027 0.027  A 10301
   1962.82222 12.061 12.060 12.071 12.039 12.048    0.041 0.039 0.031 0.033 0.034  A 10709
   1964.84250 12.079 12.108 12.106 12.126 12.104    0.036 0.035 0.026 0.026 0.027  A 11081
   1966.83650 12.112 12.129 12.102 12.119 12.115    0.040 0.040 0.029 0.030 0.030  A 11445
   1977.78716 12.089 12.030 12.060 12.143 12.185    0.051 0.047 0.040 0.044 0.042  A 12018
   1979.80031 12.114 12.147 12.212 12.252 12.237    0.050 0.046 0.040 0.045 0.041  A 12296
   1980.81127 12.164 12.129 12.110 12.134 12.091    0.049 0.047 0.041 0.045 0.045  A 12447
   1994.74628 12.250 12.284 12.274 12.252 12.243    0.054 0.048 0.042 0.048 0.043  A 13492
   1995.81909 12.208 12.159 12.159 12.191 12.217    0.055 0.046 0.041 0.048 0.045  A 13722
   1996.81561 12.082 12.046 12.053 12.064 12.110    0.059 0.047 0.041 0.050 0.048  A 13915
   1998.80824 11.939 11.977 12.058 12.090 12.089    0.057 0.049 0.041 0.049 0.048  A 14319
   2019.75118 12.016 12.057 12.079 12.107 12.118    0.069 0.055 0.045 0.053 0.053  B 16461
   2025.76361 12.284 12.224 12.188 12.128 12.072    0.034 0.022 0.022 0.025 0.028  A 17245
   2027.73423 12.274 12.196 12.173 12.146 12.095    0.043 0.027 0.024 0.027 0.030  A 17668
   2030.72422 12.208 12.191 12.152 12.073 12.030    0.043 0.024 0.022 0.025 0.028  A 17839
   2031.73221 12.314 12.212 12.195 12.175 12.132    0.044 0.025 0.024 0.026 0.028  A 18053
   2032.72386 12.166 12.182 12.163 12.124 12.064    0.035 0.025 0.023 0.025 0.028  A 18271
   2033.71808 12.225 12.163 12.118 12.050 11.997    0.040 0.025 0.021 0.024 0.026  A 18489
   2052.65868 12.162 12.096 12.068 12.026 11.992    0.043 0.024 0.021 0.024 0.027  A 19832
   2053.68746 12.112 12.113 12.094 12.072 12.022    0.046 0.023 0.022 0.024 0.027  A 20047
   2056.66914 12.041 12.085 12.074 12.039 12.000    0.050 0.026 0.023 0.025 0.028  A 20708
   2058.66411 12.057 12.089 12.067 12.023 11.991    0.057 0.028 0.025 0.029 0.033  A 21163
   2061.67186 12.080 12.110 12.098 12.055 11.997    0.056 0.031 0.027 0.030 0.033  A 21395
   2068.64515 12.294 12.194 12.166 12.141 12.084    0.047 0.026 0.024 0.028 0.031  A 22078
   2069.64101 12.228 12.146 12.101 12.043 12.013    0.058 0.028 0.024 0.028 0.031  A 22299
   2070.63583 12.102 12.131 12.112 12.078 12.010    0.053 0.027 0.023 0.025 0.028  A 22526
   2080.55346 12.220 12.255 12.229 12.169 12.139    0.058 0.028 0.025 0.028 0.031  A 22859
   2081.61502 12.372 12.298 12.273 12.256 12.211    0.054 0.028 0.024 0.028 0.031  A 23112
   2083.60559 12.219 12.277 12.246 12.181 12.128    0.054 0.032 0.030 0.033 0.036  A 23577
   2085.59672 12.394 12.364 12.344 12.291 12.224    0.048 0.028 0.023 0.026 0.029  A 23800
   2086.60034 12.325 12.315 12.274 12.207 12.178    0.051 0.026 0.023 0.026 0.030  A 24025
   2087.59566 12.527 12.431 12.410 12.338 12.279    0.058 0.033 0.029 0.032 0.036  A 24243
   2088.59556 12.397 12.434 12.410 12.345 12.302    0.060 0.029 0.025 0.028 0.031  A 24473
   2095.58304 12.380 12.286 12.310 12.385 12.158    0.069 0.066 0.077 0.096 0.117  D 25203
   2102.55115 12.406 12.413 12.370 12.313 12.270    0.038 0.024 0.022 0.025 0.028  A 25625
   2115.51997 12.180 12.182 12.178 12.158 12.148    0.045 0.029 0.025 0.028 0.031  A 26816
   2141.49632 12.260 12.201 12.168 12.132 12.079    0.053 0.029 0.026 0.030 0.033  A 30335
   2143.49490 12.109 12.127 12.102 12.044 11.997    0.048 0.028 0.026 0.030 0.034  A 30740
   2441.62594 12.550 12.532 12.531 12.518 12.464    0.034 0.033 0.024 0.023 0.025  A 8274
   2444.61799 12.558 12.604 12.541 12.511 12.480    0.083 0.090 0.084 0.084 0.085  D 8867
   2445.60211 12.628 12.754 12.692 12.647 12.598    0.028 0.027 0.021 0.023 0.025  A 9077
   2452.58912 12.484 12.462 12.414 12.383 12.385    0.042 0.040 0.034 0.039 0.031  A 9440
   2454.61532 12.479 12.472 12.495 12.524 12.552    0.039 0.040 0.031 0.034 0.036  A 9842
   2456.58120 12.332 12.387 12.421 12.405 12.300    0.046 0.042 0.035 0.038 0.038  A 10052
   2463.58996 12.336 12.329 12.315 12.272 12.213    0.029 0.028 0.021 0.022 0.024  A 10598
   2465.56973 12.304 12.266 12.253 12.244 12.221    0.032 0.032 0.025 0.026 0.023  A 11028
   2466.56360 12.339 12.293 12.297 12.286 12.282    0.029 0.033 0.022 0.021 0.021  A 11244
   2467.56624 12.328 12.348 12.312 12.286 12.260    0.029 0.028 0.020 0.019 0.020  A 11464
   2469.55959 12.261 12.290 12.281 12.279 12.257    0.037 0.039 0.028 0.026 0.027  A 11895
   2473.51763 12.205 12.174 12.142 12.116 12.058    0.038 0.038 0.033 0.038 0.031  A 12630
   2481.51878 12.222 12.247 12.279 12.284 12.305    0.041 0.039 0.035 0.042 0.036  A 12945
   2510.58069 12.244 12.207 12.225 12.186 12.167    0.049 0.044 0.041 0.044 0.049  A 16953
   2520.53744 11.941 11.923 11.916 11.890 11.833    0.026 0.024 0.018 0.018 0.020  A 18160
   2521.54689 12.018 11.984 11.975 11.945 11.924    0.026 0.023 0.020 0.020 0.021  A 18360
   2524.54269 11.995 11.960 11.951 11.929 11.902    0.038 0.035 0.026 0.027 0.025  A 18612
   2535.49172 12.231 12.196 12.189 12.172 12.126    0.037 0.037 0.029 0.030 0.028  A 19205
   2673.87902 12.479 12.523 12.455 12.398 12.354    0.026 0.026 0.026 0.030 0.034  A 38198
   2677.86529 12.239 12.238 12.217 12.194 12.149    0.034 0.032 0.032 0.037 0.043  A 38903
   2681.86555 12.054 12.071 12.059 12.057 12.040    0.027 0.024 0.022 0.024 0.026  A 39555
   2690.85077 12.039 12.027 12.028 12.029 11.971    0.031 0.029 0.030 0.037 0.041  A 41184
   2699.85021 12.294 12.310 12.292 12.264 12.228    0.033 0.045 0.029 0.029 0.030  A 42793
   2702.86757 12.386 12.324 12.333 12.303 12.250    0.025 0.032 0.021 0.023 0.025  A 43371
   2710.84924 12.426 12.429 12.392 12.332 12.281    0.041 0.025 0.025 0.028 0.032  A 44840
   2712.84857 12.511 12.481 12.485 12.485 12.450    0.029 0.025 0.020 0.022 0.023  A 45213
   2714.83342 12.485 12.481 12.504 12.510 12.480    0.025 0.024 0.022 0.025 0.028  A 45597
   2722.88832 12.476 12.453 12.395 12.333 12.298    0.031 0.027 0.026 0.029 0.032  A 46782
   2724.81279 12.451 12.434 12.420 12.359 12.302    0.021 0.021 0.019 0.021 0.023  A 47137
   2730.80314 12.361 12.364 12.352 12.315 12.275    0.024 0.022 0.019 0.021 0.023  A 48338
   2733.79988 12.375 12.346 12.329 12.299 12.236    0.024 0.020 0.018 0.020 0.022  A 48690
   2735.79699 12.296 12.298 12.272 12.224 12.208    0.034 0.022 0.021 0.024 0.027  A 49093
   2737.78054 12.263 12.272 12.233 12.185 12.141    0.025 0.022 0.020 0.022 0.024  A 49482
   2739.78213 12.286 12.306 12.306 12.292 12.244    0.027 0.020 0.019 0.021 0.023  A 49820
   2743.76153 12.238 12.215 12.174 12.124 12.060    0.029 0.025 0.020 0.022 0.026  A 50596
   2749.81549 12.142 12.179 12.142 12.089 12.063    0.031 0.030 0.026 0.029 0.033  A 51522
   2754.74665 12.201 12.172 12.152 12.103 12.092    0.023 0.024 0.020 0.022 0.023  A 52288
   2755.92285 12.223 12.180 12.151 12.103 12.061    0.026 0.025 0.021 0.024 0.027  A 52579
   2757.75084 12.226 12.252 12.234 12.192 12.127    0.034 0.023 0.020 0.021 0.022  A 52923
   2759.79549 12.267 12.245 12.199 12.166 12.132    0.031 0.022 0.020 0.023 0.025  A 53286
   2761.73729 12.292 12.256 12.206 12.134 12.081    0.026 0.022 0.019 0.022 0.024  A 53672
   2766.83454 12.402 12.311 12.286 12.241 12.199    0.037 0.038 0.027 0.029 0.031  A 54608
   2782.72467 12.340 12.320 12.293 12.242 12.144    0.037 0.024 0.022 0.023 0.026  A 55750
   2784.68878 12.293 12.274 12.242 12.201 12.148    0.026 0.023 0.021 0.022 0.025  A 56153
   2785.82237 12.292 12.324 12.298 12.257 12.212    0.042 0.024 0.021 0.023 0.026  A 56426
   2787.76091 12.284 12.271 12.231 12.203 12.155    0.032 0.023 0.021 0.022 0.025  A 56846
   2791.62324 12.241 12.240 12.198 12.146 12.099    0.027 0.023 0.020 0.022 0.024  A 57540
   2794.67803 12.184 12.174 12.172 12.145 12.106    0.030 0.030 0.022 0.024 0.024  A 58083
   2804.66430 12.176 12.188 12.202 12.149 12.039    0.034 0.038 0.035 0.040 0.044  A 59055
   2808.66627 12.306 12.269 12.245 12.211 12.180    0.025 0.028 0.022 0.024 0.026  A 59317
   2809.81486 12.321 12.298 12.291 12.254 12.212    0.026 0.025 0.023 0.025 0.029  A 59577
   2811.67619 12.310 12.264 12.248 12.227 12.200    0.026 0.025 0.019 0.020 0.022  A 59971
   2812.79202 12.327 12.324 12.298 12.262 12.219    0.031 0.028 0.028 0.033 0.039  A 60247
   2820.67806 12.394 12.395 12.366 12.328 12.278    0.025 0.024 0.019 0.022 0.024  A 61529
   2822.71203 12.506 12.444 12.307 12.181 12.075    0.049 0.043 0.045 0.055 0.064  A 61891
   2826.72756 12.395 12.383 12.348 12.313 12.261    0.028 0.029 0.023 0.024 0.025  A 62068
   2832.59035 12.468 12.440 12.430 12.408 12.368    0.030 0.028 0.023 0.027 0.031  A 62939
   2833.71056 12.524 12.552 12.527 12.494 12.420    0.030 0.030 0.027 0.033 0.038  A 63174
   2840.65423 12.350 12.351 12.335 12.312 12.271    0.027 0.023 0.019 0.021 0.025  A 64339
   2842.62667 12.311 12.312 12.270 12.209 12.132    0.055 0.056 0.056 0.064 0.072  B 64745
   2845.64205 12.281 12.281 12.262 12.226 12.182    0.025 0.027 0.020 0.021 0.023  A 65223
   2851.54677 12.284 12.299 12.267 12.230 12.202    0.024 0.027 0.021 0.022 0.022  A 65402
   2853.69170 12.228 12.238 12.221 12.201 12.185    0.029 0.029 0.024 0.028 0.028  A 65684
   2855.58915 12.290 12.316 12.313 12.305 12.284    0.026 0.028 0.022 0.025 0.028  A 66040
   2859.55907 12.283 12.316 12.266 12.234 12.209    0.039 0.040 0.038 0.044 0.051  A 66510
   2861.55691 12.297 12.290 12.240 12.180 12.109    0.032 0.028 0.024 0.028 0.031  A 66935
   2867.54907 12.300 12.326 12.286 12.264 12.239    0.030 0.023 0.020 0.022 0.025  A 67725
   2872.49111 12.360 12.321 12.293 12.257 12.237    0.026 0.025 0.020 0.022 0.023  A 68103
   2875.55006 12.251 12.273 12.239 12.201 12.160    0.041 0.038 0.031 0.032 0.035  A 68515
   2877.54399 12.334 12.314 12.272 12.218 12.188    0.028 0.024 0.019 0.021 0.023  A 68910
   2879.54668 12.260 12.252 12.239 12.206 12.177    0.023 0.025 0.019 0.021 0.023  A 69217
   2882.57215 12.271 12.256 12.250 12.223 12.216    0.031 0.033 0.028 0.031 0.033  A 69480
   2888.49543 12.371 12.362 12.349 12.330 12.294    0.033 0.048 0.031 0.029 0.029  A 70386
   2892.49616 12.365 12.340 12.298 12.258 12.200    0.028 0.029 0.024 0.025 0.027  A 70626
   2894.52746 12.298 12.299 12.272 12.224 12.194    0.026 0.023 0.021 0.024 0.029  A 71032
   2896.55540 12.330 12.326 12.264 12.223 12.177    0.031 0.025 0.022 0.025 0.029  A 71438
   2898.54597 12.305 12.309 12.259 12.207 12.165    0.028 0.023 0.021 0.022 0.024  A 71832
   2900.53796 12.312 12.324 12.299 12.279 12.222    0.027 0.024 0.020 0.022 0.025  A 72186
   2904.52750 12.315 12.348 12.343 12.328 12.310    0.035 0.028 0.027 0.029 0.031  A 72813
   2906.52327 12.342 12.312 12.275 12.216 12.201    0.029 0.022 0.019 0.021 0.023  A 73134
   2909.52457 12.335 12.298 12.291 12.260 12.238    0.032 0.024 0.022 0.025 0.028  A 73557
   2915.49937 12.343 12.317 12.277 12.221 12.195    0.026 0.025 0.023 0.026 0.030  A 74328
   2924.49074 12.341 12.315 12.296 12.262 12.219    0.027 0.027 0.024 0.027 0.029  A 75585
   3053.87296 12.234 12.239 12.206 12.156 12.107    0.033 0.031 0.029 0.033 0.037  A 91351
   3057.88947 12.156 12.174 12.167 12.132 12.094    0.041 0.028 0.026 0.030 0.034  A 91904
   3062.85094 11.897 11.953 12.041 12.102 12.071    0.076 0.083 0.095 0.116 0.140  D 92553
   3066.90087 12.170 12.139 12.053 12.014 11.994    0.046 0.053 0.061 0.066 0.069  B 92993
   3070.85313 12.181 12.133 12.090 12.053 12.018    0.040 0.030 0.030 0.034 0.040  A 93556
   3074.84603 12.241 12.165 12.201 12.235 12.165    0.061 0.062 0.071 0.076 0.083  D 94062
   3079.83117 12.318 12.272 12.254 12.207 12.160    0.029 0.028 0.028 0.033 0.039  A 94776
   3082.84462 12.314 12.271 12.193 12.102 12.025    0.054 0.041 0.043 0.049 0.057  A 95226
   3086.85721 12.449 12.452 12.412 12.385 12.337    0.031 0.026 0.026 0.029 0.033  A 95531
   3089.83952 12.360 12.361 12.334 12.295 12.281    0.032 0.028 0.027 0.031 0.036  A 95981
   3092.82797 12.444 12.444 12.378 12.317 99.999    0.028 0.033 0.033 0.036 0.038  C 96446
   3096.86120 12.283 12.235 12.127 12.019 11.922    0.043 0.055 0.065 0.072 0.076  B 96726
   3098.84328 12.350 12.387 12.376 12.364 12.332    0.031 0.024 0.023 0.028 0.031  A 97041
   3101.79865 12.369 12.366 12.340 12.308 12.283    0.059 0.044 0.045 0.052 0.050  A 97483
   3105.84031 12.384 12.417 12.382 12.317 12.261    0.037 0.031 0.029 0.035 0.042  A 98132
   3107.83863 12.349 12.373 12.336 12.307 12.243    0.028 0.032 0.029 0.033 0.038  A 98451
   3110.78020 12.304 12.302 12.275 12.257 12.244    0.029 0.035 0.029 0.031 0.034  A 98898
   3113.76882 12.261 12.214 12.200 12.193 12.172    0.061 0.063 0.057 0.060 0.060  B 99369
   3115.82343 12.296 12.300 12.275 12.275 12.285    0.032 0.030 0.026 0.028 0.032  A 99722
   3121.78370 12.285 12.258 12.248 12.228 12.162    0.026 0.030 0.026 0.029 0.033  A 100139
   3124.73774 12.384 12.332 12.292 12.242 12.201    0.029 0.024 0.023 0.026 0.029  A 100581
   3126.76761 12.315 12.309 12.303 12.276 12.220    0.042 0.040 0.037 0.040 0.043  A 100921
   3128.75833 12.377 12.344 12.295 12.233 12.182    0.047 0.031 0.029 0.036 0.041  A 101238
   3132.76800 12.483 12.470 12.362 12.291 12.287    0.029 0.033 0.028 0.032 0.038  A 101859
   3134.76368 12.548 12.660 12.655 12.602 12.542    0.032 0.034 0.032 0.037 0.043  A 102183
   3142.76911 12.428 12.466 12.408 12.364 12.339    0.024 0.026 0.022 0.025 0.027  A 103148
   3146.64773 12.432 12.416 12.421 12.405 12.348    0.039 0.039 0.035 0.038 0.040  A 103520
   3153.70832 12.327 12.329 12.293 12.246 12.177    0.028 0.023 0.021 0.024 0.028  A 103785
   3156.64933 12.264 12.248 12.206 12.162 12.141    0.041 0.041 0.038 0.042 0.045  A 104168
   3160.69328 12.245 12.252 12.226 12.195 12.178    0.033 0.030 0.029 0.034 0.040  A 104711
   3163.70277 12.271 12.245 12.230 12.221 12.221    0.024 0.031 0.024 0.027 0.031  A 105042
   3165.71143 12.333 12.287 12.312 12.324 12.289    0.025 0.027 0.023 0.026 0.029  A 105390
   3168.73004 12.266 12.324 12.293 12.265 12.230    0.035 0.028 0.025 0.029 0.033  A 105781
   3171.70286 12.317 12.310 12.284 12.254 12.216    0.027 0.027 0.024 0.027 0.031  A 106203
   3175.69105 12.327 12.317 12.266 12.213 12.180    0.029 0.025 0.022 0.025 0.029  A 106605
   3177.75230 12.254 12.324 12.304 12.298 12.245    0.036 0.038 0.036 0.042 0.050  A 106935
   3180.63162 12.343 12.341 12.308 12.256 12.209    0.029 0.025 0.024 0.029 0.033  A 107342
   3183.62635 12.436 12.445 12.407 12.355 12.279    0.033 0.025 0.023 0.027 0.032  A 107649
   3187.61722 12.447 12.448 12.401 12.377 12.373    0.031 0.031 0.029 0.035 0.040  A 108266
   3190.63522 12.423 12.414 12.432 12.459 12.379    0.037 0.034 0.035 0.040 0.046  A 108602
   3272.53475 12.439 12.428 12.387 12.335 12.284    0.033 0.028 0.027 0.032 0.038  A 116043
   3278.51358 12.371 12.361 99.999 99.999 99.999    0.031 0.028 0.026 0.031 0.036  C 116804
   3407.87617 12.468 12.440 12.407 12.357 12.326    0.038 0.031 0.033 0.037 0.041  A 128965
   3411.87627 12.384 12.399 12.378 12.340 12.299    0.047 0.031 0.031 0.034 0.039  A 129570
   3415.86493 12.370 12.321 12.282 12.242 12.228    0.033 0.026 0.025 0.027 0.030  A 130187
   3419.86070 12.275 12.282 12.234 12.196 12.154    0.040 0.025 0.027 0.031 0.035  A 130820
   3423.85825 12.344 12.337 12.346 12.361 12.344    0.049 0.038 0.045 0.053 0.061  A 131448
   3434.84249 12.465 12.389 12.342 12.247 12.163    0.050 0.033 0.035 0.038 0.042  A 132910
   3438.89130 12.393 12.372 12.355 12.314 12.289    0.042 0.039 0.043 0.054 0.066  A 133257
   3443.85399 12.336 12.372 12.371 12.336 12.280    0.044 0.026 0.024 0.026 0.029  A 133824
   3446.85394 12.412 12.413 12.396 12.344 12.315    0.067 0.045 0.047 0.051 0.054  A 134647
   3452.85110 12.262 12.318 12.280 12.219 12.199    0.060 0.039 0.037 0.042 0.050  A 135568
   3454.87144 12.382 12.334 12.274 12.201 12.180    0.082 0.044 0.040 0.044 0.050  B 135910
   3457.79989 12.282 12.238 12.215 12.220 12.179    0.070 0.076 0.083 0.087 0.092  D 136416
   3464.79989 12.301 12.237 12.183 12.120 12.076    0.043 0.027 0.025 0.027 0.029  A 137549
   3467.80333 12.240 12.247 12.226 12.199 12.177    0.032 0.025 0.025 0.030 0.033  A 137979
   3470.79688 12.182 12.164 12.136 12.103 12.084    0.030 0.026 0.026 0.029 0.035  A 138457
   3473.78617 12.221 12.197 12.196 12.178 12.130    0.032 0.026 0.024 0.026 0.030  A 138927
   3476.78220 12.394 12.327 12.308 12.260 12.205    0.056 0.038 0.037 0.044 0.050  A 139421
   3478.79875 12.447 12.392 12.438 12.489 12.477    0.086 0.044 0.040 0.044 0.049  B 139776
   3480.82466 12.180 12.273 12.293 12.288 12.242    0.086 0.046 0.041 0.043 0.045  B 140063
   3484.78791 12.528 12.415 12.428 12.499 12.468    0.078 0.060 0.069 0.087 0.101  D 140665
   3489.75504 12.638 12.591 12.523 12.417 12.344    0.071 0.038 0.034 0.039 0.043  A 140993
   3491.78996 12.446 12.437 12.377 12.301 12.265    0.096 0.057 0.050 0.053 0.056  B 141361
   3497.79639 12.613 12.637 12.614 12.577 12.495    0.040 0.029 0.026 0.028 0.032  A 141972
   3501.69428 12.527 12.513 12.464 12.420 12.415    0.046 0.041 0.043 0.047 0.052  A 142468
   3503.73661 12.640 12.628 12.618 12.591 12.593    0.036 0.026 0.026 0.029 0.033  A 142839
   3506.73836 12.533 12.571 12.544 12.511 12.466    0.035 0.028 0.024 0.025 0.029  A 143176
   3509.73402 12.608 12.616 12.608 12.601 12.590    0.033 0.028 0.024 0.026 0.030  A 143454
   3511.80216 12.448 12.466 12.462 12.422 12.392    0.040 0.029 0.025 0.030 0.034  A 143725
   3515.77472 12.447 12.432 12.375 12.292 12.275    0.037 0.033 0.033 0.039 0.047  A 144093
   3517.76518 12.317 12.306 12.269 12.218 12.155    0.048 0.028 0.026 0.030 0.034  A 144385
   3521.70663 12.245 12.294 12.259 12.208 12.169    0.051 0.033 0.033 0.038 0.043  A 144861
   3523.71116 12.311 12.290 12.274 12.215 12.232    0.096 0.059 0.059 0.068 0.077  B 145218
   3525.74226 12.232 12.250 12.224 12.164 12.091    0.046 0.028 0.025 0.028 0.031  A 145527
   3537.72392 12.446 12.400 12.350 12.280 12.335    0.082 0.066 0.069 0.080 0.090  D 146740
   3539.64430 12.261 12.269 12.237 12.181 12.141    0.043 0.036 0.039 0.046 0.054  A 147035
   3544.75647 12.400 12.415 12.433 12.398 12.333    0.060 0.034 0.031 0.035 0.040  A 147739
   3550.61630 12.289 12.378 12.369 12.327 12.234    0.073 0.036 0.031 0.034 0.038  A 148206
   3552.67821 12.672 12.688 12.687 12.678 12.631    0.054 0.032 0.030 0.034 0.036  A 148475
   3558.68043 12.459 12.477 12.490 12.503 12.445    0.047 0.030 0.027 0.031 0.034  A 149243
   3560.69126 12.554 12.503 12.476 12.438 12.360    0.066 0.036 0.032 0.034 0.036  A 149579
   3562.70457 12.403 12.483 12.496 12.490 12.460    0.070 0.036 0.031 0.033 0.036  A 149930
   3570.57165 12.452 12.394 12.404 12.396 12.410    0.038 0.031 0.029 0.034 0.037  A 150739
   3573.63916 12.414 12.409 12.442 12.437 12.376    0.037 0.034 0.029 0.032 0.038  A 151113
   3575.65370 12.370 12.368 12.329 12.265 12.222    0.044 0.030 0.028 0.031 0.035  A 151479
   3577.68417 12.398 12.352 12.290 12.198 12.132    0.075 0.051 0.050 0.054 0.058  A 151819
   3583.56779 12.363 12.411 12.418 12.412 12.399    0.035 0.026 0.027 0.030 0.035  A 152810
   3585.62073 12.317 12.325 12.303 12.232 12.146    0.075 0.041 0.036 0.039 0.041  A 153175
   3587.63820 12.317 12.315 12.301 12.232 12.185    0.042 0.028 0.024 0.026 0.029  A 153523
   3589.64254 12.365 12.332 12.300 12.263 12.225    0.061 0.032 0.028 0.030 0.034  A 153845
   3592.52130 12.557 12.477 12.429 12.371 12.296    0.094 0.048 0.041 0.042 0.044  B 154326
   3601.54616 12.378 12.367 12.335 12.265 12.209    0.081 0.044 0.037 0.040 0.044  A 155529
   3603.55658 12.367 12.378 12.359 12.311 12.265    0.036 0.027 0.025 0.030 0.034  A 155856
   3606.56160 12.386 12.396 12.364 12.343 12.313    0.037 0.030 0.027 0.030 0.036  A 156172
   3616.52123 12.252 12.251 12.234 12.205 12.177    0.040 0.041 0.042 0.047 0.051  A 157020
   3619.50662 12.326 12.338 12.322 12.258 12.185    0.056 0.038 0.035 0.038 0.042  A 157392
   3626.52365 12.347 12.334 12.309 12.258 12.203    0.035 0.030 0.025 0.028 0.031  A 158283
   3630.52288 12.378 12.360 12.273 12.140 12.033    0.043 0.034 0.033 0.039 0.045  A 158748
   3632.52663 12.401 12.366 12.370 12.376 12.384    0.054 0.036 0.034 0.039 0.045  A 159060
   3639.50916 12.181 12.200 12.163 12.132 12.114    0.062 0.034 0.030 0.032 0.035  A 159892
   3642.52051 12.203 12.205 12.183 12.133 12.087    0.044 0.036 0.036 0.040 0.045  A 160277
   3647.48926 12.162 12.129 12.128 12.081 12.045    0.037 0.028 0.023 0.026 0.029  A 160854
   3652.49170 12.018 12.049 12.028 11.973 11.934    0.060 0.036 0.033 0.037 0.040  A 161555
   3657.48795 12.231 12.217 12.211 12.155 12.082    0.058 0.042 0.040 0.051 0.059  A 162269
   3657.49038 12.095 12.112 12.117 12.116 12.079    0.049 0.035 0.039 0.047 0.053  A 162270
   3657.49291 12.123 12.079 12.050 12.005 11.992    0.038 0.033 0.037 0.043 0.048  A 162271
   3659.48883 12.163 12.124 12.095 12.051 12.004    0.045 0.039 0.039 0.047 0.054  A 162580
   3774.87346 12.293 12.287 12.257 12.211 12.133    0.038 0.030 0.034 0.041 0.048  A 177578
   3789.87397 12.421 12.482 12.470 12.422 12.348    0.037 0.031 0.031 0.036 0.041  A 179190
   3793.85440 12.595 12.606 12.647 12.710 12.754    0.036 0.029 0.030 0.036 0.041  A 179765
   3797.84942 12.648 12.629 12.590 12.500 12.428    0.034 0.026 0.026 0.029 0.033  A 180331
   3806.84306 12.528 12.527 12.512 12.485 12.439    0.043 0.030 0.030 0.035 0.042  A 181536
   3809.86282 12.375 12.368 12.382 12.377 12.323    0.037 0.030 0.033 0.041 0.048  A 181895
   3812.86788 12.307 12.324 12.309 12.276 12.227    0.042 0.031 0.034 0.041 0.048  A 182374
   3816.89448 12.316 12.304 12.282 12.235 12.210    0.046 0.033 0.033 0.037 0.042  A 183017
   3819.84408 12.183 12.180 12.179 12.192 12.161    0.041 0.031 0.031 0.037 0.042  A 183485
   3822.82808 12.276 12.250 12.241 12.215 12.195    0.085 0.047 0.042 0.047 0.052  B 183963
   3825.81723 12.167 12.162 12.127 12.105 12.053    0.037 0.035 0.037 0.044 0.051  A 184460
   3828.81114 12.211 12.193 12.155 12.107 12.068    0.048 0.032 0.029 0.032 0.036  A 184971
   3831.80042 12.277 12.293 12.272 12.225 12.173    0.040 0.033 0.038 0.047 0.057  A 185475
   3833.85066 12.236 12.185 12.123 12.072 12.045    0.058 0.038 0.038 0.046 0.054  A 185843
   3836.78900 12.160 12.167 12.144 12.115 12.062    0.038 0.033 0.037 0.046 0.054  A 186328
   3847.81505 12.287 12.280 12.242 12.181 12.151    0.071 0.042 0.041 0.048 0.056  A 186798
   3849.78699 12.557 12.475 12.456 12.432 12.380    0.086 0.044 0.038 0.040 0.043  B 187144
   3852.74623 12.487 12.456 12.430 12.377 12.328    0.033 0.027 0.025 0.028 0.031  A 187642
   3855.74003 12.580 12.627 12.602 12.568 12.635    0.066 0.047 0.049 0.054 0.061  A 188127
   3858.72703 12.519 12.542 12.548 12.520 12.437    0.052 0.032 0.030 0.034 0.037  A 188554
   3860.75956 12.761 12.963 12.996 12.912 12.747    0.081 0.055 0.054 0.062 0.070  B 188868
   3862.71058 12.663 12.668 12.639 12.564 12.485    0.056 0.035 0.031 0.034 0.037  A 189225
   3864.70359 12.705 12.677 12.635 12.562 12.476    0.031 0.025 0.026 0.029 0.034  A 189557
   3866.70100 12.727 12.701 12.703 12.690 12.627    0.072 0.040 0.038 0.042 0.048  A 189909
   3872.74545 12.739 12.698 12.656 12.628 12.594    0.075 0.041 0.037 0.039 0.043  A 190966
   3875.84433 12.606 12.530 12.498 12.468 12.394    0.048 0.032 0.028 0.031 0.035  A 191238
   3881.71525 12.405 12.413 12.405 12.360 12.317    0.066 0.033 0.029 0.033 0.036  A 192018
   3886.69702 12.491 12.439 12.387 12.328 12.260    0.045 0.029 0.026 0.029 0.033  A 192489
   3890.69130 12.532 12.562 12.551 12.532 12.429    0.079 0.064 0.068 0.080 0.091  D 193196
   3892.67936 12.255 12.236 12.174 12.108 12.053    0.073 0.051 0.052 0.064 0.075  B 193538
   3900.68827 12.515 12.403 12.278 12.213 12.180    0.065 0.037 0.036 0.043 0.051  A 194672
   3902.70432 12.421 12.412 12.417 12.406 12.386    0.068 0.036 0.032 0.035 0.039  A 195053
   3904.73731 12.524 12.489 12.433 12.389 12.353    0.074 0.045 0.040 0.042 0.045  A 195445
   3906.74027 12.372 12.355 12.323 12.264 12.227    0.076 0.039 0.033 0.036 0.040  A 195826
   3909.68678 12.542 12.533 12.513 12.457 12.400    0.045 0.029 0.025 0.028 0.032  A 196391
   3913.68880 12.535 12.513 12.462 12.419 12.372    0.073 0.041 0.035 0.037 0.041  A 196951
   4131.87892 12.237 12.253 12.244 12.223 12.134    0.046 0.029 0.030 0.036 0.039  A 212399
   4135.87468 12.459 12.468 12.439 12.425 12.469    0.062 0.043 0.050 0.062 0.072  B 212934
   4145.86594 12.627 12.604 12.570 12.515 12.553    0.070 0.064 0.067 0.074 0.083  B 214341
   4151.88548 12.506 12.475 12.425 12.332 12.257    0.039 0.032 0.032 0.038 0.044  A 215049
   4159.85951 12.388 12.305 12.255 12.204 12.155    0.056 0.054 0.056 0.059 0.064  B 216221
   4163.84209 12.367 12.386 12.326 12.245 12.261    0.055 0.044 0.049 0.059 0.069  B 216826
   4166.88502 12.346 12.301 12.249 12.169 12.046    0.059 0.036 0.036 0.042 0.050  A 217232
   4172.87850 12.434 12.384 12.351 12.277 12.202    0.070 0.054 0.056 0.060 0.065  B 217992
   4178.85530 12.633 12.605 12.555 12.428 12.335    0.075 0.057 0.057 0.067 0.077  B 218763
   4184.86140 12.495 12.504 12.548 12.538 12.485    0.067 0.047 0.043 0.050 0.057  A 219618
   4188.83488 12.589 12.563 12.508 12.437 12.338    0.041 0.040 0.039 0.043 0.049  A 219996
   4191.78692 12.673 12.648 12.628 12.609 12.668    0.049 0.039 0.032 0.036 0.042  A 220458
   4193.83121 12.466 12.580 12.523 12.497 12.452    0.054 0.046 0.036 0.040 0.045  A 220798
   4199.77091 12.376 12.297 12.202 12.168 12.146    0.049 0.051 0.058 0.065 0.074  B 221423
   4203.79912 12.485 12.431 12.449 12.425 12.391    0.044 0.032 0.028 0.031 0.036  A 221835
   4207.78176 12.477 12.462 12.449 12.404 12.341    0.042 0.038 0.038 0.042 0.047  A 222274
   4215.80132 12.520 12.469 12.508 12.506 12.537    0.052 0.046 0.044 0.049 0.055  A 222740
   4228.76760 12.621 12.682 12.654 12.584 12.438    0.067 0.058 0.055 0.058 0.062  B 223390
   4230.76454 12.388 12.368 12.369 12.380 12.373    0.059 0.045 0.047 0.051 0.054  A 223731
   4232.76369 12.528 12.499 12.409 12.353 12.305    0.051 0.040 0.040 0.043 0.047  A 224074
   4234.77167 12.289 12.240 12.207 12.166 12.093    0.084 0.071 0.069 0.073 0.076  B 224445
   4246.70726 12.477 12.458 12.449 12.422 12.400    0.049 0.040 0.040 0.044 0.046  A 226243
   4253.70144 12.477 12.514 12.469 12.437 12.357    0.050 0.043 0.037 0.041 0.046  A 226867
   4255.72603 12.368 12.369 12.373 12.330 12.290    0.039 0.030 0.026 0.030 0.035  A 227105
   4257.77606 12.428 12.473 12.503 12.529 12.414    0.056 0.044 0.043 0.051 0.062  A 227451
   4266.75532 12.523 12.466 12.464 12.458 12.448    0.036 0.036 0.032 0.038 0.044  A 227770
   4269.61082 12.311 12.313 12.326 12.293 12.209    0.049 0.045 0.045 0.048 0.054  A 228144
   4272.63830 12.419 12.333 12.341 12.330 12.291    0.048 0.047 0.043 0.048 0.052  A 228379
   4274.64756 12.380 12.369 12.365 12.350 12.298    0.047 0.045 0.041 0.040 0.042  A 228693
   4277.62078 12.427 12.437 12.451 12.432 12.459    0.040 0.034 0.029 0.033 0.037  A 228998
   4284.77424 12.617 12.621 12.620 12.658 12.696    0.064 0.043 0.040 0.043 0.049  A 229852
   4290.76167 12.204 12.234 12.230 12.191 12.170    0.049 0.043 0.037 0.040 0.043  A 230539
   4292.71414 12.325 12.303 12.307 12.311 12.298    0.049 0.042 0.030 0.033 0.036  A 230898
   4296.71553 12.369 12.465 12.447 12.393 12.329    0.074 0.052 0.050 0.054 0.062  A 231595
   4298.72406 12.395 12.431 12.411 12.403 12.395    0.059 0.048 0.044 0.051 0.060  A 231956
   4308.54762 12.528 12.718 12.673 12.567 12.500    0.074 0.053 0.053 0.063 0.071  B 233619
   4310.64328 12.339 12.415 12.439 12.423 12.413    0.048 0.037 0.033 0.038 0.042  A 233899
   4312.64340 12.502 12.434 12.421 12.411 12.358    0.080 0.069 0.071 0.078 0.083  D 234226
   4315.64698 12.633 12.679 12.646 12.643 12.648    0.043 0.037 0.031 0.033 0.036  A 234571
   4329.53044 12.639 12.620 12.712 12.812 12.754    0.063 0.067 0.066 0.072 0.080  B 235099
   4336.50436 12.279 12.294 12.287 12.230 12.214    0.045 0.042 0.039 0.045 0.052  A 236163
   4341.58712 12.206 12.138 12.064 11.980 11.950    0.054 0.056 0.060 0.066 0.071  B 236906
   4343.59320 12.261 12.182 12.190 12.179 12.184    0.061 0.053 0.063 0.077 0.088  D 237262
   4346.49142 12.319 12.370 12.308 12.270 12.248    0.064 0.050 0.050 0.053 0.055  A 237728
   4348.51361 12.266 12.246 12.228 12.198 12.168    0.069 0.055 0.054 0.059 0.063  B 238090
   4350.52274 12.369 12.307 12.285 12.268 12.212    0.075 0.046 0.040 0.044 0.047  A 238411
   4352.54113 12.332 12.404 12.361 12.331 12.284    0.039 0.033 0.028 0.031 0.035  A 238728
   4355.54452 12.151 12.200 12.162 12.125 12.121    0.055 0.041 0.033 0.035 0.039  A 239139
   4357.54767 12.262 12.245 12.213 12.209 12.199    0.049 0.042 0.033 0.035 0.038  A 239432
   4363.48606 12.323 12.307 12.340 12.333 12.277    0.040 0.033 0.027 0.029 0.034  A 240287
   4365.54025 12.340 12.316 12.301 12.309 12.274    0.041 0.035 0.031 0.033 0.037  A 240616
   4369.51687 12.179 12.148 12.116 12.102 12.109    0.045 0.043 0.040 0.045 0.053  A 241101
   4372.50395 12.227 12.205 12.183 12.161 12.131    0.058 0.042 0.040 0.046 0.051  A 241588
   4376.49783 12.112 12.083 12.086 12.062 12.062    0.049 0.033 0.028 0.032 0.035  A 242072
   4379.48929 12.244 12.193 12.164 12.103 12.059    0.042 0.033 0.029 0.032 0.037  A 242526
   4382.48985 12.163 12.122 12.122 12.073 12.046    0.039 0.033 0.029 0.033 0.039  A 242981
   4385.48923 12.154 12.207 12.177 12.130 12.061    0.048 0.041 0.032 0.036 0.040  A 243439
   4503.87793 12.623 12.599 12.572 12.537 12.555    0.038 0.033 0.029 0.033 0.039  A 255646
   4511.86848 12.737 12.740 12.713 12.683 12.603    0.055 0.038 0.033 0.036 0.040  A 256756
   4521.87444 12.489 12.561 12.582 12.607 12.577    0.053 0.038 0.033 0.036 0.041  A 257924
   4527.85242 12.577 12.628 12.593 12.540 12.467    0.036 0.031 0.028 0.031 0.036  A 258801
   4531.84573 12.532 12.563 12.539 12.542 12.498    0.053 0.043 0.040 0.042 0.047  A 259397
   4536.85822 12.391 12.384 12.365 12.343 12.322    0.036 0.033 0.028 0.030 0.034  A 260003
   4542.86678 12.621 12.599 12.565 12.520 12.473    0.060 0.041 0.039 0.043 0.049  A 260896
   4545.85271 12.507 12.511 12.512 12.494 12.413    0.061 0.044 0.044 0.054 0.065  A 261341
   4559.80561 12.645 12.633 12.622 12.593 12.542    0.044 0.034 0.031 0.034 0.038  A 263410
   4562.79431 12.816 12.755 12.619 12.574 12.545    0.043 0.034 0.029 0.033 0.037  A 263911
   4565.78581 12.670 12.655 12.619 12.575 12.510    0.050 0.033 0.029 0.031 0.036  A 264407
   4567.85264 12.662 12.644 12.516 12.454 12.400    0.051 0.039 0.033 0.036 0.039  A 264762
   4570.78432 12.495 12.445 12.469 12.460 12.428    0.034 0.030 0.027 0.030 0.034  A 265211
   4572.78980 12.494 12.512 12.527 12.506 12.434    0.052 0.040 0.037 0.041 0.047  A 265562
   4574.78010 12.514 12.498 12.494 12.463 12.479    0.060 0.041 0.036 0.040 0.045  A 265884
#dataset= 1 ; 2 F1632-08_319
#desig= 163623-0621.9
#cra=   16.606300  16:36:22.7
#cdec=  -6.364653 -6:21:52.8
#class= 0
#cmag_0= 12.142
#cmer_0=  0.097
#nskip_0= 0
#cmag_1= 12.111
#cmer_1=  0.077
#nskip_1= 0
#cmag_2= 12.151
#cmer_2=  0.096
#nskip_2= 0
#cmag_3= 12.212
#cmer_3=  0.103
#nskip_3= 0
#cmag_4= 12.229
#cmer_4=  0.109
#nskip_4= 0
#ra=   16.606300  16:36:22.7
#dec=  -6.364653 -6:21:52.8
#     HJD      MAG_0  MAG_1  MAG_2  MAG_3  MAG_4    MER_0 MER_1 MER_2 MER_3 MER_4 GRADE FRAME
   1994.74628 12.309 12.198 12.199 12.238 12.223    0.054 0.048 0.042 0.048 0.043  A 13492
   1999.83905 12.109 12.052 12.149 12.270 12.303    0.070 0.056 0.046 0.055 0.057  B 14531
   2005.79708 29.999 29.999 29.999 29.999 29.999    0.076 0.059 0.050 0.059 0.060  C 14844
   2007.74070 12.030 12.115 12.110 12.199 12.216    0.069 0.059 0.052 0.060 0.059  B 15005
   2008.72741 12.172 12.157 12.196 12.234 12.230    0.068 0.060 0.052 0.060 0.058  B 15208
   2016.76464 12.163 12.086 12.060 12.077 12.097    0.059 0.047 0.040 0.049 0.046  A 16014
   2018.75830 12.178 12.131 12.175 12.216 12.246    0.069 0.053 0.043 0.051 0.053  A 16255
   2020.75546 12.047 12.033 12.117 12.198 12.184    0.081 0.063 0.051 0.057 0.060  B 16673
   2021.74995 12.120 12.151 12.150 12.162 12.172    0.087 0.068 0.056 0.061 0.065  B 16884
   2504.59180 29.999 29.999 29.999 29.999 29.999    0.064 0.061 0.054 0.061 0.061  C 16546
   2519.52871 11.834 11.802 11.817 11.863 11.895    0.070 0.064 0.053 0.054 0.051  B 17958
   2539.49764 12.259 12.233 12.282 12.333 12.368    0.082 0.064 0.058 0.065 0.067  B 19463
   3597.55627 29.999 29.999 29.999 29.999 29.999    0.067 0.053 0.056 0.069 0.081  C 155109
   3802.87919 29.999 29.999 29.999 29.999 29.999    0.048 0.041 0.050 0.062 0.074  C 180965
   4181.86056 29.999 29.999 29.999 29.999 29.999    0.059 0.057 0.061 0.074 0.087  D 219187
   4226.86204 29.999 29.999 29.999 29.999 29.999    0.077 0.077 0.094 0.123 0.145  D 223048
   4507.87208 29.999 29.999 29.999 29.999 29.999    0.042 0.036 0.036 0.043 0.051  C 256220
   4518.83711 29.999 29.999 29.999 29.999 29.999    0.040 0.040 0.040 0.048 0.056  C 257480
   4539.86612 29.999 29.999 29.999 29.999 29.999    0.063 0.049 0.049 0.061 0.072  C 260447
#dataset= 1 ; 3 F1632-08_319
#desig= 163625-0622.0
#cra=   16.607077  16:36:25.5
#cdec=  -6.367396 -6:22:02.6
#class= 0
#cmag_0= 12.422
#cmer_0=  0.153
#nskip_0= 0
#cmag_1= 12.456
#cmer_1=  0.342
#nskip_1= 0
#cmag_2= 12.432
#cmer_2=  0.370
#nskip_2= 0
#cmag_3= 12.402
#cmer_3=  0.312
#nskip_3= 0
#cmag_4= 12.315
#cmer_4=  0.251
#nskip_4= 0
#ra=   16.607077  16:36:25.5
#dec=  -6.367396 -6:22:02.6
#     HJD      MAG_0  MAG_1  MAG_2  MAG_3  MAG_4    MER_0 MER_1 MER_2 MER_3 MER_4 GRADE FRAME
   2007.74070 12.312 12.188 12.133 12.139 12.097    0.069 0.059 0.052 0.060 0.059  B 15005
   3495.78866 29.999 29.999 29.999 29.999 29.999    0.070 0.072 0.084 0.106 0.126  D 141686
   3870.74741 29.999 29.999 29.999 29.999 29.999    0.057 0.045 0.039 0.044 0.050  C 190595
   3888.71572 29.999 29.999 29.999 29.999 29.999    0.081 0.084 0.095 0.116 0.139  D 192866
   4212.81591 29.999 29.999 29.999 29.999 29.999    0.070 0.070 0.074 0.085 0.097  D 222477
   4302.67431 12.426 12.513 12.509 12.492 12.398    0.054 0.043 0.031 0.034 0.037  A 232608
   4319.54605 12.528 12.669 12.654 12.577 12.451    0.053 0.042 0.038 0.041 0.044  A 234951
#ndata= 9
#dataset= 2 ; 1 F1704-08_320
#desig= 163624-0622.0
#cra=   16.606786  16:36:24.4
#cdec=  -6.365943 -6:21:57.4
#class= 0
#cmag_0= 12.264
#cmer_0=  0.109
#nskip_0= 0
#cmag_1= 12.302
#cmer_1=  0.106
#nskip_1= 0
#cmag_2= 12.276
#cmer_2=  0.116
#nskip_2= 0
#cmag_3= 12.248
#cmer_3=  0.132
#nskip_3= 0
#cmag_4= 12.220
#cmer_4=  0.151
#nskip_4= 0
#ra=   16.606786  16:36:24.4
#dec=  -6.365943 -6:21:57.4
#     HJD      MAG_0  MAG_1  MAG_2  MAG_3  MAG_4    MER_0 MER_1 MER_2 MER_3 MER_4 GRADE FRAME
   2454.61532 12.446 12.464 12.485 12.513 12.556    0.045 0.043 0.033 0.034 0.038  A 9842
   2463.58996 12.283 12.323 12.302 12.258 12.210    0.037 0.032 0.025 0.026 0.029  A 10598
   2685.87225 11.980 12.033 12.009 11.979 11.961    0.030 0.027 0.026 0.029 0.032  A 40279
   2727.82937 12.342 12.345 12.303 12.255 12.252    0.039 0.028 0.024 0.026 0.029  A 47736
   2744.78034 12.245 12.264 12.241 12.201 12.166    0.042 0.028 0.026 0.030 0.034  A 50781
   2763.75408 12.219 12.239 12.182 12.126 12.075    0.039 0.026 0.024 0.026 0.031  A 54075
   2770.76366 12.346 12.384 12.361 12.340 12.312    0.045 0.029 0.024 0.025 0.029  A 54907
   2853.69170 12.181 12.229 12.208 12.185 12.180    0.035 0.032 0.027 0.030 0.031  A 65684
   3177.75230 12.197 12.316 12.291 12.285 12.241    0.039 0.039 0.039 0.044 0.051  A 106935
#ndata= 2
#dataset= 3 ; 1 F1632+00_364
#desig= 163624-0622.0
#cra=   16.606798  16:36:24.5
#cdec=  -6.366149 -6:21:58.1
#class= 0
#cmag_0= 12.183
#cmer_0=  0.127
#nskip_0= 0
#cmag_1= 12.200
#cmer_1=  0.153
#nskip_1= 0
#cmag_2= 12.168
#cmer_2=  0.147
#nskip_2= 0
#cmag_3= 12.123
#cmer_3=  0.121
#nskip_3= 0
#cmag_4= 12.082
#cmer_4=  0.166
#nskip_4= 0
#ra=   16.606798  16:36:24.5
#dec=  -6.366149 -6:21:58.1
#     HJD      MAG_0  MAG_1  MAG_2  MAG_3  MAG_4    MER_0 MER_1 MER_2 MER_3 MER_4 GRADE FRAME
   2040.70282 12.094 12.092 12.067 12.040 11.966    0.050 0.037 0.037 0.045 0.052  A 19487
   3452.85110 12.272 12.307 12.272 12.208 12.199    0.059 0.040 0.036 0.043 0.047  A 135568
