#ndata= 71
#dataset= 1 ; 1 F1840+24_503
#desig= 185544+2813.1
#cra=   18.928866  18:55:43.9
#cdec=  28.218705 28:13:07.3
#class= 0
#cmag_0= 10.687
#cmer_0=  0.112
#nskip_0= 4
#cmag_1= 10.700
#cmer_1=  0.125
#nskip_1= 3
#cmag_2= 10.719
#cmer_2=  0.132
#nskip_2= 2
#cmag_3= 10.721
#cmer_3=  0.122
#nskip_3= 1
#cmag_4= 10.727
#cmer_4=  0.120
#nskip_4= 1
#ra=   18.928866  18:55:43.9
#dec=  28.218705 28:13:07.3
#     HJD      MAG_2  MAG_0  MAG_1  MAG_3  MAG_4    MER_2 MER_0 MER_1 MER_3 MER_4 GRADE FRAME
   2732.91007 10.688 10.740 10.699 10.669 10.659    0.040 0.034 0.037 0.048 0.055  A 48529
   2735.89545 10.731 10.720 10.730 10.741 10.761    0.023 0.022 0.025 0.026 0.029  A 49131
   2738.89206 10.747 10.706 10.729 10.757 10.774    0.022 0.027 0.024 0.025 0.028  A 49702
   2743.91395 10.765 10.749 10.763 10.773 10.775    0.031 0.028 0.032 0.032 0.034  A 50662
   2747.89233 10.778 10.767 10.792 10.796 10.775    0.056 0.047 0.051 0.063 0.070  B 51111
   2754.87504 10.734 10.761 10.723 10.739 10.759    0.027 0.027 0.032 0.028 0.028  A 52344
   2756.85285 10.937 10.954 10.967 10.916 10.909    0.026 0.026 0.030 0.031 0.032  A 52745
   2758.86401 10.698 10.706 10.692 10.708 10.714    0.024 0.030 0.027 0.028 0.030  A 53113
   2760.84311 10.715 10.711 10.710 10.709 10.701    0.034 0.031 0.034 0.040 0.043  A 53512
   2764.82481 10.651 10.644 10.659 10.656 10.670    0.020 0.028 0.022 0.023 0.025  A 54327
   2765.81681 10.621 10.588 10.607 10.633 10.645    0.021 0.028 0.023 0.023 0.026  A 54395
   2769.83389 10.672 10.591 10.618 10.748 10.790    0.095 0.077 0.084 0.115 0.141  D 54734
   2776.77418 10.556 10.543 10.489 10.608 10.655    0.041 0.041 0.050 0.044 0.044  B 55364
   2785.76512 10.538 10.519 10.535 10.555 10.569    0.020 0.026 0.021 0.022 0.025  A 56408
   2791.73623 10.561 10.584 10.555 10.578 10.601    0.026 0.027 0.029 0.028 0.030  A 57588
   2809.73710 11.111 11.348 11.239 11.056 11.038    0.022 0.025 0.024 0.025 0.027  A 59546
   2811.70706 10.772 10.785 10.777 10.778 10.789    0.022 0.023 0.027 0.025 0.027  A 59985
   2813.72558 10.783 10.764 10.757 10.795 10.792    0.025 0.026 0.029 0.029 0.030  A 60449
   2819.71787 10.816 10.794 10.808 10.831 10.816    0.023 0.030 0.029 0.026 0.029  A 61324
   2829.66564 10.752 10.726 10.738 10.750 10.756    0.025 0.030 0.030 0.028 0.031  A 62297
   2831.64634 10.755 10.752 10.735 10.754 10.756    0.027 0.028 0.031 0.030 0.033  A 62733
   2832.72208 10.712 10.656 10.724 10.713 10.709    0.030 0.037 0.033 0.035 0.040  A 62993
   2834.63579 10.757 10.741 10.730 10.723 10.733    0.080 0.068 0.072 0.100 0.119  D 63337
   2836.62990 29.999 29.999 29.999 29.999 29.999    0.074 0.067 0.071 0.086 0.100  D 63677
   2843.65160 10.601 10.558 10.607 10.642 10.613    0.056 0.057 0.055 0.064 0.076  B 64914
   2853.60745 10.484 10.492 10.478 10.493 10.511    0.027 0.031 0.032 0.031 0.032  A 65650
   2855.60873 10.512 10.510 10.518 10.530 10.538    0.025 0.029 0.030 0.029 0.032  A 66048
   2858.66188 10.487 10.500 10.494 10.492 10.512    0.042 0.045 0.044 0.047 0.050  A 66332
   2860.61443 10.539 10.486 10.541 10.552 10.564    0.024 0.027 0.027 0.029 0.034  A 66741
   2862.58730 10.548 10.529 10.538 10.561 10.569    0.027 0.032 0.029 0.032 0.037  A 67153
   2874.58284 10.666 10.662 10.665 10.685 10.703    0.027 0.032 0.029 0.030 0.033  A 68346
   2876.58083 10.653 10.665 10.647 10.662 10.670    0.023 0.034 0.028 0.026 0.029  A 68737
   2878.57747 10.695 10.706 10.694 10.703 10.722    0.021 0.027 0.022 0.025 0.027  A 69130
   2882.54762 10.728 10.736 10.733 10.732 10.743    0.031 0.032 0.031 0.036 0.040  A 69469
   2884.55302 10.773 10.739 10.791 10.778 10.781    0.024 0.029 0.028 0.027 0.029  A 69783
   2885.58148 10.776 10.736 10.781 10.780 10.778    0.021 0.027 0.022 0.024 0.026  A 70002
   2888.58719 10.774 10.779 10.780 10.772 10.792    0.027 0.032 0.035 0.029 0.032  A 70423
   2893.57388 10.840 10.835 10.849 10.847 10.864    0.029 0.031 0.031 0.033 0.037  A 70853
   2895.58022 10.853 10.826 10.845 10.867 10.880    0.025 0.028 0.027 0.028 0.032  A 71247
   2898.51510 10.885 10.831 10.884 10.889 10.893    0.022 0.027 0.025 0.024 0.026  A 71818
   2900.51010 10.819 10.838 10.817 10.818 10.824    0.022 0.026 0.022 0.025 0.029  A 72173
   2904.50204 10.811 10.800 10.787 10.827 10.838    0.023 0.029 0.029 0.026 0.029  A 72801
   2906.50047 10.777 10.762 10.782 10.790 10.802    0.021 0.026 0.023 0.024 0.026  A 73123
   2909.50623 10.738 10.749 10.747 10.744 10.757    0.021 0.026 0.021 0.024 0.026  A 73548
   2911.51111 10.718 10.693 10.712 10.729 10.745    0.035 0.036 0.036 0.038 0.040  A 73862
   3099.90734 10.514 10.511 10.494 10.542 10.531    0.037 0.037 0.036 0.044 0.049  A 97210
   3104.90891 12.140 12.211 12.175 12.072 12.187    0.066 0.059 0.061 0.077 0.087  D 98004
   3107.90762 10.725 10.717 10.725 10.739 10.751    0.033 0.032 0.032 0.040 0.046  A 98475
   3110.90593 10.676 10.622 10.671 10.685 10.673    0.035 0.040 0.034 0.041 0.047  A 98937
   3113.88681 10.703 10.652 10.715 10.699 10.684    0.028 0.032 0.027 0.033 0.038  A 99410
   3116.87994 10.594 10.619 10.578 10.608 10.615    0.035 0.036 0.035 0.041 0.046  A 99899
   3122.88897 10.687 10.677 10.672 10.701 10.703    0.027 0.029 0.028 0.033 0.037  A 100300
   3125.83422 29.999 29.999 29.999 29.999 29.999    0.058 0.056 0.057 0.065 0.073  C 100784
   3127.86483 10.483 10.424 10.440 10.522 10.562    0.042 0.037 0.039 0.050 0.059  A 101106
   3130.84028 10.757 10.763 10.754 10.761 10.786    0.037 0.037 0.034 0.042 0.048  A 101557
   3132.84621 10.682 10.681 10.684 10.675 10.672    0.035 0.032 0.036 0.041 0.047  A 101889
   3146.78067 10.743 10.714 10.742 10.742 10.760    0.025 0.026 0.028 0.029 0.033  A 103567
   3154.73750 29.999 29.999 29.999 29.999 29.999    0.046 0.046 0.046 0.050 0.054  C 103977
   3159.76701 10.639 10.699 10.656 10.658 10.648    0.050 0.048 0.044 0.062 0.071  A 104608
   3162.81223 10.723 10.721 10.709 10.723 10.732    0.034 0.044 0.031 0.040 0.046  A 104905
   3164.83767 10.852 10.889 10.868 10.764 10.699    0.081 0.085 0.079 0.086 0.092  D 105267
   3168.73494 10.432 10.357 10.460 10.447 10.423    0.034 0.034 0.035 0.039 0.046  A 105783
   3171.74615 10.714 10.737 10.731 10.719 10.732    0.034 0.034 0.033 0.039 0.044  A 106220
   3175.74941 10.923 10.858 10.910 10.928 10.944    0.027 0.029 0.028 0.032 0.036  A 106625
   3178.70951 10.790 10.779 10.763 10.803 10.807    0.042 0.035 0.037 0.049 0.058  A 107076
   3180.78246 10.728 10.704 10.721 10.721 10.720    0.079 0.076 0.077 0.083 0.086  D 107390
   3183.61170 29.999 29.999 29.999 29.999 29.999    0.073 0.074 0.072 0.078 0.082  D 107644
   3183.75671 10.717 10.643 10.680 10.742 10.743    0.043 0.043 0.041 0.050 0.055  A 107692
   3185.70012 10.665 10.671 10.665 10.676 10.662    0.032 0.031 0.030 0.038 0.043  A 107952
   3186.67674 10.624 10.607 10.614 10.629 10.646    0.034 0.032 0.033 0.040 0.045  A 108115
   3189.70457 10.558 10.546 10.550 10.584 10.566    0.034 0.032 0.031 0.040 0.047  A 108451
#ndata= 62
#dataset= 2 ; 1 F1912+24_504
#desig= 185544+2813.1
#cra=   18.928866  18:55:43.9
#cdec=  28.218706 28:13:07.3
#class= 0
#cmag_0= 10.687
#cmer_0=  0.083
#nskip_0= 0
#cmag_1= 10.684
#cmer_1=  0.087
#nskip_1= 0
#cmag_2= 10.689
#cmer_2=  0.086
#nskip_2= 2
#cmag_3= 10.696
#cmer_3=  0.088
#nskip_3= 1
#cmag_4= 10.704
#cmer_4=  0.091
#nskip_4= 2
#ra=   18.928866  18:55:43.9
#dec=  28.218706 28:13:07.3
#     HJD      MAG_2  MAG_0  MAG_1  MAG_3  MAG_4    MER_2 MER_0 MER_1 MER_3 MER_4 GRADE FRAME
   2725.91422 10.649 10.633 10.657 10.670 10.687    0.032 0.029 0.033 0.037 0.043  A 47382
   2728.91724 10.670 10.652 10.673 10.684 10.705    0.034 0.033 0.036 0.039 0.043  A 47977
   2733.91510 10.712 10.697 10.727 10.703 10.713    0.026 0.028 0.028 0.030 0.035  A 48739
   2736.90477 10.741 10.742 10.738 10.755 10.765    0.029 0.028 0.030 0.034 0.038  A 49329
   2739.90223 10.741 10.730 10.735 10.760 10.761    0.023 0.025 0.027 0.026 0.029  A 49872
   2742.90104 10.749 10.760 10.763 10.783 10.813    0.030 0.028 0.032 0.035 0.040  A 50469
   2751.88413 10.757 10.753 10.746 10.758 10.770    0.031 0.034 0.036 0.035 0.039  A 51931
   2754.89277 10.761 10.710 10.753 10.778 10.781    0.029 0.030 0.033 0.034 0.035  A 52352
   2758.88243 10.726 10.706 10.704 10.729 10.731    0.037 0.030 0.041 0.037 0.038  A 53121
   2760.87517 10.691 10.700 10.681 10.700 10.694    0.026 0.028 0.026 0.030 0.034  A 53526
   2764.85251 10.623 10.613 10.608 10.621 10.615    0.020 0.028 0.023 0.023 0.025  A 54339
   2765.84231 10.607 10.610 10.591 10.617 10.625    0.022 0.024 0.026 0.025 0.026  A 54406
   2776.79383 10.559 10.516 10.570 10.564 10.570    0.026 0.030 0.028 0.031 0.036  A 55372
   2783.77481 10.536 10.522 10.511 10.540 10.554    0.024 0.028 0.028 0.026 0.027  A 55990
   2785.78602 10.547 10.510 10.546 10.558 10.565    0.021 0.025 0.023 0.023 0.026  A 56417
   2787.78598 10.573 10.573 10.570 10.580 10.586    0.020 0.027 0.020 0.023 0.026  A 56858
   2791.75489 10.571 10.593 10.561 10.589 10.589    0.029 0.030 0.040 0.032 0.032  A 57596
   2809.75532 10.744 10.715 10.735 10.734 10.749    0.022 0.024 0.025 0.025 0.027  A 59554
   2811.71690 10.745 10.696 10.760 10.734 10.731    0.027 0.028 0.031 0.030 0.032  A 59989
   2813.74595 10.758 10.784 10.759 10.783 10.788    0.027 0.028 0.031 0.030 0.032  A 60458
   2819.73150 10.785 10.798 10.760 10.793 10.801    0.024 0.030 0.029 0.026 0.029  A 61330
   2821.72756 10.770 10.811 10.778 10.782 10.798    0.026 0.028 0.029 0.029 0.029  A 61771
   2831.66547 10.716 10.725 10.707 10.709 10.723    0.027 0.032 0.032 0.032 0.034  A 62741
   2832.73220 10.695 10.711 10.698 10.708 10.718    0.026 0.030 0.027 0.030 0.034  A 62997
   2834.65857 29.999 29.999 29.999 29.999 29.999    0.075 0.070 0.073 0.084 0.095  D 63346
   2843.66591 10.575 10.579 10.525 10.567 10.579    0.051 0.055 0.052 0.059 0.068  B 64920
   2853.60745 10.477 10.490 10.469 10.484 10.506    0.028 0.032 0.035 0.031 0.033  A 65650
   2855.62741 10.560 10.543 10.552 10.581 10.580    0.029 0.033 0.033 0.034 0.037  A 66056
   2858.67884 10.502 10.515 10.493 10.496 10.505    0.024 0.026 0.027 0.027 0.029  A 66339
   2860.62432 10.521 10.544 10.505 10.523 10.517    0.024 0.027 0.026 0.028 0.032  A 66745
   2874.58565 10.650 10.681 10.656 10.653 10.670    0.023 0.028 0.027 0.025 0.028  A 68347
   2876.58367 10.701 10.728 10.706 10.693 10.706    0.021 0.029 0.026 0.024 0.027  A 68738
   2878.58033 10.723 10.702 10.716 10.730 10.729    0.021 0.027 0.022 0.025 0.028  A 69131
   2882.55561 10.769 10.787 10.748 10.791 10.809    0.039 0.037 0.037 0.045 0.051  A 69472
   2885.59215 10.796 10.778 10.756 10.802 10.811    0.024 0.026 0.028 0.028 0.031  A 70006
   2888.59012 10.820 10.778 10.822 10.828 10.827    0.023 0.036 0.025 0.028 0.031  A 70424
   2895.58321 10.864 10.848 10.859 10.884 10.913    0.023 0.028 0.024 0.027 0.031  A 71248
   2897.59220 10.856 10.848 10.848 10.848 10.841    0.023 0.030 0.025 0.025 0.028  A 71652
   2901.57511 29.999 29.999 29.999 29.999 29.999    0.066 0.059 0.062 0.079 0.092  D 72393
   2905.55515 10.811 10.794 10.800 10.818 10.829    0.022 0.025 0.025 0.024 0.027  A 72945
   2916.53029 29.999 29.999 29.999 29.999 29.999    0.073 0.079 0.077 0.077 0.081  D 74533
   3105.90457 10.694 10.697 10.681 10.690 10.698    0.044 0.046 0.044 0.048 0.053  A 98158
   3108.90596 10.700 10.692 10.679 10.715 10.716    0.044 0.045 0.046 0.049 0.051  A 98630
   3116.88474 10.701 10.665 10.708 10.716 10.734    0.056 0.060 0.064 0.060 0.065  D 99901
   3125.86762 10.683 10.696 10.661 10.709 10.722    0.044 0.041 0.041 0.050 0.055  A 100797
   3128.85299 10.622 10.653 10.599 10.631 10.621    0.054 0.050 0.051 0.060 0.068  B 101275
   3131.85267 10.642 10.652 10.658 10.632 10.656    0.041 0.041 0.038 0.049 0.057  A 101726
   3133.86891 10.692 10.683 10.687 10.698 10.704    0.042 0.042 0.042 0.047 0.052  A 102059
   3141.82508 10.634 10.633 10.653 10.639 10.620    0.041 0.037 0.040 0.048 0.055  A 103011
   3144.85583 10.693 10.652 10.695 10.691 10.698    0.023 0.024 0.024 0.027 0.031  A 103344
   3154.75978 10.686 10.667 10.656 10.709 10.731    0.034 0.034 0.034 0.039 0.042  A 103984
   3158.76490 10.719 10.727 10.713 10.710 10.717    0.038 0.036 0.036 0.045 0.052  A 104447
   3163.78622 10.695 10.715 10.688 10.704 10.729    0.025 0.028 0.025 0.030 0.035  A 105071
   3165.82061 10.791 10.740 10.772 10.820 10.733    0.081 0.063 0.068 0.102 0.121  D 105428
   3168.81715 10.684 10.728 10.650 10.699 10.724    0.033 0.031 0.037 0.037 0.041  A 105810
   3171.76127 10.783 10.723 10.769 10.780 10.785    0.046 0.044 0.044 0.054 0.061  A 106225
   3175.75962 10.753 10.760 10.747 10.750 10.769    0.028 0.027 0.028 0.032 0.036  A 106629
   3178.73586 10.759 10.736 10.751 10.789 10.818    0.036 0.033 0.032 0.043 0.049  A 107086
   3180.80129 29.999 29.999 29.999 29.999 29.999    0.071 0.069 0.069 0.077 0.081  D 107397
   3183.76441 10.735 10.741 10.737 10.746 10.766    0.032 0.032 0.032 0.037 0.042  A 107695
   3186.70523 10.684 10.691 10.678 10.697 10.710    0.038 0.036 0.036 0.045 0.051  A 108126
   3189.73245 10.692 10.698 10.684 10.693 10.705    0.034 0.032 0.031 0.040 0.047  A 108462
