#ndata= 27
#dataset= 1 ; 1 F1944-16_280
#desig= 201103-1319.0
#cra=   20.184212  20:11:03.2
#cdec= -13.316948 -13:19:01.0
#class= 0
#cmag_0= 10.836
#cmer_0=  0.100
#nskip_0= 0
#cmag_1= 10.850
#cmer_1=  0.108
#nskip_1= 0
#cmag_2= 10.892
#cmer_2=  0.120
#nskip_2= 0
#cmag_3= 10.914
#cmer_3=  0.117
#nskip_3= 0
#cmag_4= 10.920
#cmer_4=  0.115
#nskip_4= 0
#ra=   20.184212  20:11:03.2
#dec= -13.316948 -13:19:01.0
#     HJD      MAG_2  MAG_0  MAG_1  MAG_3  MAG_4    MER_2 MER_0 MER_1 MER_3 MER_4 GRADE FRAME
   2454.77987 10.514 10.500 10.488 10.538 10.557    0.081 0.078 0.079 0.094 0.112  D 9912
   2468.68773 10.438 10.394 10.413 10.459 10.467    0.028 0.036 0.036 0.029 0.031  A 11734
   2487.65968 10.782 10.851 10.798 10.794 10.793    0.047 0.064 0.057 0.051 0.051  B 13489
   2490.58968 10.892 10.841 10.880 10.912 10.920    0.034 0.038 0.038 0.041 0.035  A 14043
   3177.74620 29.999 29.999 29.999 29.999 29.999    0.035 0.037 0.040 0.040 0.046  C 106933
   3552.76022 10.951 10.883 10.898 10.969 10.983    0.034 0.052 0.038 0.036 0.041  A 148505
   3552.76515 10.932 10.871 10.860 10.957 10.980    0.036 0.073 0.043 0.040 0.043  A 148507
   3552.76765 10.908 10.873 10.861 10.931 10.933    0.032 0.049 0.036 0.035 0.039  A 148508
   3552.77015 10.946 10.844 10.891 10.970 10.976    0.047 0.089 0.052 0.052 0.056  D 148509
   3552.77262 10.971 10.953 10.924 10.992 10.990    0.036 0.071 0.041 0.038 0.042  A 148510
   3552.77514 10.906 10.871 10.874 10.933 10.934    0.038 0.075 0.045 0.040 0.044  A 148511
   3552.77761 10.929 10.849 10.870 10.943 10.948    0.032 0.048 0.035 0.035 0.037  A 148512
   3552.78009 10.934 10.876 10.867 10.961 10.968    0.034 0.058 0.039 0.036 0.040  A 148513
   3552.78585 10.939 10.870 10.900 10.948 10.952    0.032 0.048 0.035 0.034 0.037  A 148515
   3552.78837 10.942 10.879 10.896 10.957 10.952    0.034 0.063 0.040 0.037 0.040  A 148516
   3552.79087 10.949 10.862 10.908 10.973 10.974    0.033 0.048 0.036 0.036 0.041  A 148517
   3552.79422 10.919 10.861 10.882 10.940 10.933    0.053 0.097 0.056 0.058 0.062  D 148518
   3552.79678 10.962 10.875 10.915 10.983 10.996    0.035 0.061 0.039 0.038 0.041  A 148519
   3552.80228 10.938 10.875 10.890 10.956 10.944    0.033 0.051 0.037 0.036 0.040  A 148521
   3552.80767 10.934 10.882 10.869 10.969 10.970    0.034 0.066 0.040 0.037 0.040  A 148523
   3552.81320 10.975 10.868 10.912 10.978 10.984    0.033 0.049 0.037 0.036 0.040  A 148525
   3552.81937 10.931 10.823 10.853 10.960 10.998    0.051 0.094 0.054 0.058 0.064  D 148527
   3552.83389 10.944 10.879 10.877 10.961 10.955    0.038 0.057 0.041 0.043 0.049  A 148532
   3552.84789 10.873 10.820 10.845 10.890 10.875    0.047 0.048 0.049 0.052 0.060  A 148537
   3552.87867 10.939 10.866 10.898 10.959 10.967    0.039 0.048 0.041 0.044 0.049  A 148547
   3552.90871 10.948 10.873 10.881 10.981 10.990    0.043 0.044 0.043 0.047 0.053  A 148557
   3552.93959 10.944 10.831 10.907 10.956 10.968    0.044 0.060 0.045 0.048 0.054  A 148567
#ndata= 348
#dataset= 2 ; 1 F2016-16_281
#desig= 201103-1319.0
#cra=   20.184221  20:11:03.2
#cdec= -13.316789 -13:19:00.4
#class= 0
#cmag_0= 12.054
#cmer_0=  1.099
#nskip_0= 29
#cmag_1= 12.082
#cmer_1=  1.096
#nskip_1= 33
#cmag_2= 12.083
#cmer_2=  1.132
#nskip_2= 34
#cmag_3= 12.077
#cmer_3=  1.134
#nskip_3= 36
#cmag_4= 12.061
#cmer_4=  1.117
#nskip_4= 35
#ra=   20.184221  20:11:03.2
#dec= -13.316789 -13:19:00.4
#     HJD      MAG_0  MAG_1  MAG_2  MAG_3  MAG_4    MER_0 MER_1 MER_2 MER_3 MER_4 GRADE FRAME
   1978.91296 11.743 11.826 11.908 11.945 11.840    0.085 0.075 0.069 0.079 0.085  D 12155
   1980.90360 11.906 11.954 11.986 12.006 11.993    0.055 0.049 0.044 0.050 0.049  A 12489
   1982.88877 12.219 12.121 12.095 12.109 12.036    0.052 0.047 0.041 0.048 0.045  A 12859
   1984.90242 12.172 12.174 12.224 12.222 12.197    0.053 0.048 0.043 0.049 0.045  A 13078
   1994.89922 29.999 29.999 29.999 29.999 29.999    0.060 0.054 0.048 0.057 0.053  C 13559
   1996.89335 12.769 12.811 12.795 12.868 12.872    0.063 0.052 0.044 0.052 0.051  B 13951
   2008.87177 29.999 29.999 29.999 29.999 29.999    0.067 0.057 0.050 0.056 0.056  C 15273
   2018.81456 29.999 29.999 29.999 29.999 29.999    0.073 0.058 0.047 0.053 0.054  C 16282
   2021.83165 29.999 29.999 29.999 29.999 29.999    0.073 0.061 0.051 0.055 0.054  C 16919
   2026.81353 14.070 14.177 14.245 14.225 14.308    0.057 0.033 0.030 0.032 0.035  A 17485
   2031.88998 14.282 14.254 14.504 14.698 14.625    0.048 0.028 0.025 0.027 0.029  A 18124
   2032.92137 14.276 14.470 14.579 14.771 14.972    0.047 0.028 0.026 0.030 0.033  A 18359
   2034.91174 14.147 14.149 14.242 14.345 14.276    0.048 0.031 0.029 0.032 0.035  A 18774
   2053.81331 29.999 29.999 29.999 29.999 29.999    0.048 0.026 0.024 0.028 0.031  C 20099
   2054.80529 29.999 29.999 29.999 29.999 29.999    0.060 0.029 0.028 0.031 0.034  C 20320
   2055.79380 15.147 15.358 15.504 15.518 15.274    0.055 0.031 0.029 0.033 0.035  A 20537
   2065.77310 29.999 29.999 29.999 29.999 29.999    0.062 0.032 0.031 0.035 0.039  C 21757
   2067.72095 29.999 29.999 29.999 29.999 29.999    0.056 0.030 0.029 0.034 0.039  C 21884
   2080.69574 29.999 29.999 29.999 29.999 29.999    0.052 0.030 0.026 0.028 0.031  C 22922
   2081.75607 29.999 29.999 29.999 29.999 29.999    0.055 0.032 0.029 0.031 0.034  C 23173
   2082.75142 29.999 29.999 29.999 29.999 29.999    0.053 0.029 0.025 0.028 0.032  C 23395
   2083.74584 29.999 29.999 29.999 29.999 29.999    0.066 0.041 0.041 0.048 0.056  C 23638
   2085.78104 29.999 29.999 29.999 29.999 29.999    0.043 0.028 0.025 0.028 0.031  C 23879
   2086.75772 29.999 29.999 29.999 29.999 29.999    0.044 0.026 0.023 0.027 0.030  C 24091
   2087.72407 29.999 29.999 29.999 29.999 29.999    0.053 0.028 0.026 0.030 0.035  C 24300
   2088.72311 29.999 29.999 29.999 29.999 29.999    0.057 0.033 0.030 0.032 0.036  C 24526
   2094.65856 29.999 29.999 29.999 29.999 29.999    0.048 0.029 0.027 0.031 0.035  C 25008
   2106.68879 15.000 15.348 15.624 15.832 16.076    0.040 0.026 0.023 0.027 0.030  A 26455
   2116.65725 14.557 14.820 15.014 15.219 15.130    0.045 0.028 0.025 0.028 0.032  A 27093
   2128.61369 14.159 14.247 14.276 14.320 14.487    0.043 0.028 0.026 0.029 0.032  A 27927
   2129.63567 13.911 13.801 13.764 13.773 13.786    0.052 0.030 0.024 0.028 0.032  A 28151
   2130.63942 13.756 13.841 13.888 13.853 13.618    0.047 0.027 0.025 0.028 0.032  A 28369
   2131.62759 13.826 13.882 13.933 13.934 13.958    0.050 0.029 0.026 0.029 0.032  A 28563
   2132.63529 13.731 13.807 13.853 13.831 13.726    0.043 0.026 0.023 0.026 0.029  A 28782
   2133.62993 13.756 13.820 13.850 13.856 13.896    0.038 0.025 0.024 0.028 0.031  A 28992
   2134.62977 13.839 13.849 13.809 13.769 13.718    0.044 0.031 0.027 0.030 0.032  A 29208
   2135.62458 13.665 13.672 13.765 13.779 13.706    0.046 0.029 0.026 0.031 0.035  A 29420
   2136.62412 13.483 13.544 13.590 13.675 13.695    0.043 0.030 0.026 0.030 0.032  A 29632
   2140.60232 13.466 13.480 13.496 13.477 13.434    0.082 0.066 0.073 0.091 0.110  D 30168
   2141.61569 13.437 13.407 13.385 13.334 13.302    0.040 0.029 0.025 0.028 0.030  A 30386
   2143.60675 13.397 13.434 13.540 13.536 13.447    0.049 0.030 0.027 0.031 0.035  A 30786
   2144.60386 13.302 13.317 13.301 13.295 13.224    0.050 0.030 0.026 0.030 0.033  A 30989
   2145.59487 13.309 13.316 13.351 13.328 13.350    0.044 0.028 0.026 0.029 0.033  A 31192
   2442.74495 11.353 11.374 11.355 11.351 11.363    0.039 0.043 0.036 0.038 0.041  A 8531
   2443.74211 11.354 11.348 11.358 11.351 11.350    0.022 0.026 0.018 0.019 0.020  A 8717
   2444.74412 11.272 11.267 11.262 11.256 11.247    0.025 0.026 0.020 0.022 0.023  A 8923
   2445.73064 11.125 11.205 11.202 11.232 11.233    0.025 0.026 0.020 0.021 0.024  A 9134
   2446.74232 11.075 11.085 11.098 11.098 11.088    0.028 0.032 0.023 0.025 0.026  A 9302
   2454.77987 10.565 10.524 10.523 10.531 10.548    0.078 0.079 0.081 0.093 0.111  D 9912
   2455.75211 10.552 10.549 10.541 10.543 10.564    0.076 0.074 0.077 0.090 0.105  D 9979
   2464.69611 10.422 10.403 10.403 10.398 99.999    0.029 0.031 0.025 0.029 0.024  C 10863
   2465.69534 10.450 10.465 10.461 10.462 10.452    0.029 0.032 0.026 0.032 0.026  A 11083
   2466.69268 10.424 10.393 10.419 10.412 10.420    0.028 0.031 0.022 0.024 0.023  A 11300
   2467.68967 10.440 10.448 10.450 10.460 10.439    0.025 0.028 0.019 0.020 0.020  A 11518
   2468.68773 10.459 10.459 10.442 10.443 10.447    0.042 0.041 0.034 0.037 0.041  A 11734
   2468.70335 10.469 10.415 10.431 10.448 10.451    0.031 0.034 0.024 0.025 0.026  A 11741
   2470.64774 10.487 10.466 10.461 10.466 10.467    0.032 0.033 0.026 0.030 0.026  A 11998
   2473.66256 10.532 10.547 10.562 10.611 10.588    0.034 0.034 0.030 0.036 0.030  A 12693
   2474.69808 10.515 10.536 10.536 10.554 10.539    0.033 0.036 0.029 0.031 0.028  A 12875
   2482.56846 10.640 10.648 10.650 10.671 10.652    0.051 0.044 0.039 0.045 0.041  A 13125
   2486.64956 10.807 10.803 10.794 10.798 10.803    0.043 0.041 0.035 0.041 0.039  A 13326
   2487.65968 10.915 10.855 10.803 10.791 10.792    0.066 0.056 0.045 0.049 0.051  B 13489
   2490.58968 10.913 10.938 10.900 10.915 10.909    0.040 0.042 0.037 0.043 0.038  A 14043
   2491.63881 99.999 99.999 99.999 99.999 99.999    0.047 0.044 0.038 0.044 0.041  C 14238
   2493.63422 11.111 11.139 11.147 11.147 11.123    0.042 0.040 0.036 0.042 0.036  A 14471
   2494.63530 11.002 11.040 11.031 11.065 11.072    0.050 0.047 0.043 0.050 0.047  A 14662
   2495.63920 11.128 11.133 11.140 11.134 11.132    0.036 0.034 0.029 0.035 0.029  A 14801
   2497.63433 11.251 11.259 11.269 11.287 99.999    0.031 0.032 0.025 0.028 0.024  C 15223
   2499.62491 11.313 11.323 11.303 11.305 11.303    0.027 0.029 0.022 0.023 0.022  A 15641
   2501.61979 11.421 11.405 11.417 11.409 11.418    0.031 0.033 0.024 0.027 0.024  A 16000
   2502.63112 11.458 11.464 11.495 11.513 11.511    0.033 0.034 0.029 0.033 0.028  A 16216
   2503.62682 11.457 11.486 11.536 11.536 11.529    0.054 0.052 0.050 0.056 0.055  B 16418
   2508.63134 11.776 11.799 11.780 11.756 11.741    0.047 0.045 0.040 0.045 0.042  A 16789
   2510.62674 12.044 12.029 11.959 11.806 11.662    0.032 0.040 0.034 0.036 0.036  A 16970
   2520.59168 12.514 12.564 12.558 12.577 12.597    0.027 0.023 0.018 0.019 0.022  A 18181
   2521.60137 12.599 12.594 12.604 12.579 12.561    0.027 0.024 0.019 0.021 0.022  A 18381
   2529.56396 12.983 12.920 12.857 12.819 12.850    0.060 0.047 0.039 0.044 0.043  A 19044
   2544.56670 13.746 13.875 13.940 13.892 13.815    0.033 0.034 0.029 0.032 0.035  A 19952
   2545.61369 13.842 13.903 13.896 13.873 13.965    0.029 0.024 0.021 0.022 0.024  A 20161
   2548.63136 13.965 13.927 14.028 14.084 13.976    0.035 0.033 0.024 0.026 0.025  A 20590
   2552.60332 29.999 29.999 29.999 29.999 29.999    0.050 0.046 0.041 0.047 0.042  C 21130
   2553.62090 13.913 13.987 14.010 14.025 13.932    0.044 0.035 0.023 0.024 0.026  A 21318
   2556.54703 29.999 29.999 29.999 29.999 29.999    0.066 0.057 0.048 0.050 0.050  C 21653
   2565.59090 29.999 29.999 29.999 29.999 29.999    0.030 0.031 0.026 0.029 0.033  C 23251
   2579.55588 29.999 29.999 29.999 29.999 29.999    0.034 0.034 0.027 0.027 0.027  C 25075
   2707.90387 11.453 11.483 11.476 11.427 11.405    0.048 0.049 0.051 0.062 0.071  B 44323
   2710.90532 11.343 11.325 11.314 11.320 11.340    0.037 0.036 0.035 0.042 0.047  A 44866
   2728.87115 10.773 10.792 10.778 10.775 10.752    0.039 0.039 0.037 0.042 0.048  A 47958
   2731.89583 10.818 10.836 10.830 10.819 10.817    0.028 0.029 0.024 0.026 0.029  A 48438
   2734.88606 10.856 10.889 10.881 10.876 10.872    0.026 0.023 0.021 0.024 0.027  A 48927
   2737.86829 10.931 10.903 10.926 10.919 10.926    0.030 0.034 0.031 0.036 0.039  A 49520
   2740.86066 11.000 11.012 11.025 11.020 11.011    0.027 0.026 0.022 0.025 0.028  A 50041
   2743.86325 11.128 11.098 11.106 11.104 11.112    0.029 0.039 0.023 0.025 0.027  A 50641
   2747.91388 11.291 11.263 11.270 11.292 11.325    0.045 0.036 0.037 0.042 0.051  A 51121
   2755.81445 11.621 11.571 11.600 11.611 11.610    0.024 0.022 0.019 0.020 0.022  A 52537
   2757.86194 11.674 11.630 11.647 11.664 11.642    0.031 0.022 0.021 0.023 0.026  A 52971
   2760.83508 11.835 11.776 11.777 11.732 11.757    0.038 0.044 0.036 0.039 0.043  A 53509
   2764.87835 11.963 11.943 11.937 11.905 11.886    0.036 0.028 0.029 0.033 0.038  A 54350
   2765.84694 12.053 12.017 99.999 99.999 99.999    0.026 0.023 0.021 0.023 0.026  C 54408
   2769.88625 12.158 12.117 12.124 12.139 12.184    0.048 0.029 0.030 0.034 0.039  A 54757
   2782.87540 12.702 12.751 12.756 12.753 12.728    0.032 0.027 0.021 0.022 0.024  A 55808
   2784.80946 12.720 12.692 12.714 12.697 12.642    0.026 0.025 0.021 0.023 0.025  A 56206
   2786.79741 12.960 12.906 12.932 12.912 12.843    0.029 0.039 0.024 0.026 0.027  A 56634
   2802.82537 29.999 29.999 29.999 29.999 29.999    0.048 0.042 0.043 0.052 0.059  C 58792
   2804.74889 13.771 13.817 13.898 13.866 13.758    0.031 0.031 0.031 0.036 0.041  A 59091
   2808.80902 13.857 13.768 13.782 13.818 13.631    0.031 0.030 0.024 0.029 0.033  A 59367
   2810.73278 13.824 13.802 13.870 13.914 13.955    0.026 0.026 0.022 0.025 0.027  A 59770
   2815.85996 14.050 14.010 14.125 14.182 14.168    0.033 0.028 0.023 0.025 0.027  A 60846
   2819.78819 13.991 14.001 14.031 14.029 13.969    0.028 0.029 0.025 0.029 0.032  A 61354
   2821.76031 14.095 14.255 14.351 14.426 14.454    0.026 0.024 0.020 0.023 0.025  A 61784
   2830.68290 29.999 29.999 29.999 29.999 29.999    0.023 0.026 0.021 0.023 0.025  C 62528
   2867.60129 29.999 29.999 29.999 29.999 29.999    0.028 0.026 0.022 0.025 0.026  C 67745
   2895.64152 29.999 29.999 29.999 29.999 29.999    0.029 0.031 0.025 0.029 0.031  C 71272
   2901.63429 29.999 29.999 29.999 29.999 29.999    0.079 0.084 0.090 0.112 0.126  D 72416
   2923.62525 13.964 14.134 14.171 14.169 14.397    0.035 0.032 0.033 0.038 0.042  A 75451
   2926.62107 13.599 13.514 13.476 13.446 13.348    0.033 0.032 0.029 0.032 0.034  A 75809
   2928.62083 13.442 13.417 13.486 13.588 13.584    0.029 0.032 0.029 0.032 0.034  A 76183
   2930.61762 13.237 13.255 99.999 99.999 99.999    0.027 0.025 0.025 0.029 0.034  C 76532
   2932.61100 13.211 13.265 13.340 13.402 13.407    0.028 0.026 0.025 0.029 0.035  A 76885
   2934.60541 13.054 13.084 13.098 13.061 13.093    0.034 0.028 0.026 0.030 0.033  A 77235
   2939.60942 12.803 12.823 12.816 12.809 12.777    0.032 0.030 0.026 0.030 0.032  A 77804
   2945.50250 12.487 12.536 12.472 12.399 12.311    0.040 0.037 0.036 0.043 0.048  A 78647
   2947.55877 12.412 12.356 12.359 12.365 12.349    0.046 0.039 0.033 0.038 0.043  A 78975
   2950.54430 12.324 12.342 12.364 12.384 12.412    0.035 0.030 0.031 0.038 0.043  A 79410
   2954.57467 12.076 12.068 12.095 12.096 12.044    0.035 0.033 0.032 0.037 0.043  A 79918
   2957.52128 11.992 11.994 12.003 11.993 12.001    0.033 0.033 0.037 0.042 0.046  A 80331
   2959.53309 11.920 11.935 12.005 12.134 12.288    0.055 0.057 0.065 0.077 0.090  D 80627
   2964.52232 11.705 11.699 11.705 11.695 11.661    0.030 0.026 0.026 0.031 0.035  A 81299
   2973.51533 11.248 11.279 11.256 11.239 99.999    0.032 0.033 0.033 0.040 0.046  C 82421
   3074.90460 13.308 13.588 13.934 14.254 14.281    0.047 0.048 0.050 0.057 0.063  B 94086
   3088.90980 29.999 29.999 29.999 29.999 29.999    0.042 0.045 0.047 0.052 0.061  C 95860
   3093.89438 29.999 29.999 29.999 29.999 29.999    0.041 0.043 0.046 0.052 0.057  C 96582
   3126.89021 29.999 29.999 29.999 29.999 29.999    0.045 0.040 0.039 0.044 0.049  C 100961
   3142.83469 29.999 29.999 29.999 29.999 29.999    0.027 0.028 0.024 0.027 0.030  C 103174
   3152.86570 29.999 29.999 29.999 29.999 29.999    0.031 0.031 0.031 0.037 0.043  C 103675
   3187.75344 13.844 13.945 14.209 14.558 14.783    0.029 0.028 0.027 0.032 0.036  A 108312
   3273.53340 11.363 11.424 11.443 11.449 11.437    0.055 0.038 0.034 0.039 0.044  A 116170
   3275.64449 11.569 11.541 11.552 11.526 11.535    0.050 0.047 0.052 0.068 0.081  B 116464
   3278.55888 11.590 11.572 11.603 11.630 11.622    0.039 0.031 0.028 0.032 0.036  A 116818
   3280.58663 11.586 11.595 11.592 11.584 11.564    0.033 0.028 0.026 0.030 0.035  A 117085
   3293.62831 11.847 11.851 11.838 11.803 11.762    0.040 0.040 0.039 0.046 0.055  A 118312
   3296.54141 12.055 12.034 12.056 12.074 12.057    0.034 0.033 0.024 0.026 0.030  A 118632
   3457.88223 13.617 13.636 13.754 13.887 13.910    0.044 0.032 0.031 0.036 0.042  A 136440
   3466.88166 29.999 29.999 29.999 29.999 29.999    0.042 0.043 0.046 0.055 0.065  C 137912
   3470.87964 13.173 13.158 13.206 13.264 13.205    0.032 0.027 0.028 0.033 0.038  A 138481
   3474.86633 13.292 13.347 13.503 13.658 13.699    0.042 0.030 0.030 0.036 0.043  A 139115
   3478.85080 13.021 13.140 13.229 13.365 13.467    0.063 0.053 0.061 0.071 0.084  B 139795
   3481.87906 12.651 12.674 12.780 13.009 13.083    0.104 0.060 0.059 0.067 0.078  D 140257
   3500.88686 11.766 11.783 11.788 11.772 11.744    0.039 0.029 0.027 0.031 0.036  A 142355
   3508.88480 11.338 11.306 11.323 11.330 11.347    0.030 0.028 0.023 0.026 0.029  A 143322
   3511.82392 11.229 11.227 11.225 11.250 11.240    0.055 0.036 0.036 0.040 0.044  A 143734
   3515.82750 11.066 11.055 11.060 11.030 11.030    0.037 0.036 0.040 0.048 0.055  A 144111
   3520.85504 10.871 10.882 10.892 10.895 10.888    0.052 0.035 0.035 0.040 0.046  A 144744
   3522.84986 10.794 10.802 10.814 10.825 10.834    0.036 0.028 0.027 0.032 0.036  A 145085
   3525.79517 10.743 10.736 10.729 10.724 10.716    0.040 0.028 0.027 0.030 0.034  A 145546
   3528.78510 10.639 10.647 10.664 10.672 10.680    0.038 0.033 0.034 0.037 0.042  A 146059
   3539.82105 10.545 10.554 10.613 10.659 10.669    0.082 0.080 0.093 0.116 0.139  D 147093
   3542.74916 10.655 10.648 10.639 10.629 10.616    0.050 0.039 0.043 0.051 0.059  A 147458
   3550.78178 10.895 10.883 10.882 10.877 10.841    0.061 0.034 0.032 0.035 0.040  A 148259
   3553.77326 11.000 10.985 10.979 10.974 10.972    0.035 0.028 0.023 0.027 0.030  A 148625
   3556.71348 11.117 11.114 11.127 11.137 11.148    0.041 0.024 0.024 0.027 0.030  A 149090
   3559.75368 11.213 11.243 11.257 11.267 11.285    0.091 0.050 0.048 0.054 0.059  D 149445
   3561.79216 11.314 11.310 11.314 11.324 11.339    0.085 0.045 0.039 0.041 0.042  B 149795
   3563.82638 11.424 11.436 11.436 11.448 11.464    0.038 0.031 0.030 0.034 0.040  A 150147
   3568.81886 11.716 11.686 11.680 11.681 11.677    0.042 0.031 0.027 0.030 0.034  A 150438
   3570.70547 11.758 11.760 11.798 11.824 11.841    0.033 0.029 0.026 0.030 0.035  A 150782
   3574.71194 11.950 11.970 11.964 11.951 11.926    0.042 0.032 0.028 0.033 0.038  A 151310
   3576.72916 12.074 12.076 12.120 12.156 12.166    0.058 0.033 0.027 0.030 0.034  A 151674
   3578.70488 12.034 12.137 12.148 12.142 12.141    0.078 0.041 0.035 0.036 0.039  A 151999
   3582.78373 12.369 12.338 12.338 12.299 12.234    0.059 0.036 0.034 0.037 0.041  A 152696
   3584.74413 12.473 12.482 12.507 12.481 12.432    0.035 0.028 0.028 0.031 0.035  A 153046
   3586.68488 12.535 12.541 12.567 12.585 12.565    0.080 0.042 0.036 0.037 0.040  A 153371
   3588.71601 12.737 12.736 12.750 12.818 12.814    0.067 0.054 0.058 0.069 0.080  B 153688
   3591.62876 12.942 12.871 12.746 12.608 12.549    0.074 0.047 0.052 0.062 0.073  B 154180
   3597.65939 13.080 13.110 13.068 13.066 13.098    0.035 0.032 0.038 0.048 0.057  A 155135
   3601.64149 13.502 13.567 13.733 13.739 13.473    0.065 0.039 0.036 0.044 0.049  A 155559
   3603.64865 13.336 13.378 13.453 13.487 13.564    0.045 0.031 0.028 0.033 0.037  A 155886
   3606.65251 29.999 29.999 29.999 29.999 29.999    0.062 0.059 0.063 0.077 0.090  D 156202
   3616.59837 13.971 14.009 14.050 14.129 14.121    0.029 0.028 0.024 0.028 0.032  A 157044
   3618.72480 13.925 14.142 14.765 16.994 15.977    0.061 0.038 0.035 0.039 0.043  A 157312
   3621.53068 29.999 29.999 29.999 29.999 29.999    0.038 0.034 0.041 0.051 0.063  C 157702
   3624.57984 14.218 14.560 14.813 14.908 14.767    0.035 0.030 0.024 0.027 0.030  A 158025
   3633.57604 29.999 29.999 29.999 29.999 29.999    0.045 0.031 0.030 0.035 0.040  C 159204
   3641.64331 14.607 14.799 14.896 14.880 14.542    0.043 0.029 0.025 0.028 0.032  A 160178
   3643.68506 29.999 29.999 29.999 29.999 29.999    0.037 0.034 0.033 0.036 0.042  C 160469
   3651.64074 29.999 29.999 29.999 29.999 29.999    0.042 0.031 0.030 0.033 0.036  C 161447
   3658.56543 29.999 29.999 29.999 29.999 29.999    0.079 0.045 0.041 0.046 0.051  C 162448
   3670.61022 29.999 29.999 29.999 29.999 29.999    0.035 0.028 0.026 0.028 0.032  C 164106
   3673.55339 29.999 29.999 29.999 29.999 29.999    0.047 0.029 0.025 0.027 0.031  C 164518
   3800.90102 10.974 10.913 10.934 10.964 10.972    0.051 0.045 0.052 0.066 0.079  B 180746
   3805.90321 10.977 10.963 10.965 10.979 10.992    0.045 0.038 0.043 0.052 0.061  A 181398
   3810.90651 11.256 11.230 11.249 11.265 11.267    0.049 0.036 0.039 0.046 0.054  A 182065
   3814.90950 11.422 11.413 11.420 11.413 11.403    0.043 0.037 0.042 0.052 0.061  A 182710
   3821.89547 11.727 11.736 11.714 11.663 11.611    0.041 0.034 0.035 0.041 0.048  A 183824
   3825.89914 12.019 12.027 12.063 12.089 12.105    0.041 0.038 0.046 0.057 0.068  B 184490
   3829.88534 12.265 12.304 12.314 12.315 12.311    0.043 0.030 0.033 0.039 0.045  A 185159
   3833.88433 12.451 12.473 12.429 12.399 12.335    0.041 0.035 0.041 0.051 0.061  A 185855
   3849.86946 13.267 13.271 13.384 13.500 13.463    0.049 0.031 0.029 0.032 0.036  A 187175
   3852.90531 13.343 13.430 13.500 13.561 13.660    0.038 0.038 0.040 0.048 0.054  A 187697
   3856.85590 29.999 29.999 29.999 29.999 29.999    0.051 0.040 0.042 0.048 0.055  C 188308
   3859.86772 29.999 29.999 29.999 29.999 29.999    0.050 0.040 0.039 0.045 0.050  C 188746
   3862.84777 13.905 13.874 13.846 13.795 13.480    0.033 0.026 0.024 0.027 0.032  A 189267
   3865.82172 13.732 13.668 13.666 13.682 13.566    0.046 0.029 0.028 0.032 0.036  A 189765
   3867.87488 29.999 29.999 29.999 29.999 29.999    0.035 0.028 0.028 0.032 0.037  C 190102
   3869.85600 29.999 29.999 29.999 29.999 29.999    0.040 0.037 0.040 0.050 0.059  C 190443
   3871.85905 29.999 29.999 29.999 29.999 29.999    0.061 0.038 0.036 0.043 0.049  C 190815
   3875.88497 29.999 29.999 29.999 29.999 29.999    0.046 0.033 0.034 0.041 0.047  C 191253
   3882.82227 29.999 29.999 29.999 29.999 29.999    0.050 0.032 0.033 0.037 0.041  C 192154
   3886.85806 29.999 29.999 29.999 29.999 29.999    0.052 0.035 0.030 0.033 0.038  C 192545
   3893.84119 29.999 29.999 29.999 29.999 29.999    0.033 0.029 0.026 0.029 0.032  C 193777
   3902.81240 29.999 29.999 29.999 29.999 29.999    0.032 0.028 0.028 0.031 0.036  C 195091
   3904.83263 29.999 29.999 29.999 29.999 29.999    0.080 0.043 0.038 0.041 0.043  C 195478
   3906.88999 29.999 29.999 29.999 29.999 29.999    0.052 0.034 0.030 0.033 0.036  C 195876
   4184.90713 29.999 29.999 29.999 29.999 29.999    0.049 0.049 0.053 0.061 0.073  C 219635
   4278.75051 13.447 13.588 13.628 13.580 13.575    0.032 0.030 0.028 0.033 0.038  A 229189
   4285.76563 13.041 13.027 13.081 13.084 12.980    0.046 0.049 0.052 0.059 0.065  B 230024
   4289.75886 12.934 12.924 12.932 12.965 12.923    0.037 0.034 0.029 0.034 0.039  A 230378
   4291.76020 12.689 12.624 12.606 12.625 12.621    0.050 0.047 0.046 0.051 0.054  A 230728
   4293.74294 12.767 12.788 12.807 12.847 12.904    0.039 0.038 0.035 0.039 0.043  A 231090
   4295.75218 12.638 12.620 12.634 12.605 12.556    0.048 0.036 0.029 0.032 0.037  A 231433
   4297.74586 12.626 12.659 12.696 12.769 12.880    0.046 0.043 0.044 0.053 0.062  A 231782
   4299.73432 12.280 12.290 12.309 12.335 12.356    0.039 0.033 0.030 0.033 0.038  A 232150
   4301.70108 12.170 12.107 12.102 12.064 11.998    0.071 0.049 0.041 0.046 0.051  A 232490
   4303.71161 11.883 11.947 11.952 11.973 11.973    0.053 0.042 0.037 0.041 0.044  A 232791
   4305.69951 11.782 11.780 11.767 11.758 11.760    0.043 0.041 0.038 0.040 0.044  A 233154
   4307.68048 11.554 11.532 11.543 11.547 11.551    0.052 0.036 0.032 0.036 0.040  A 233492
   4312.69247 11.204 11.126 11.138 11.142 11.136    0.075 0.052 0.049 0.056 0.065  B 234242
   4315.68636 11.027 11.037 11.018 11.025 11.015    0.040 0.036 0.030 0.032 0.036  A 234584
   4329.64148 10.594 10.614 10.613 10.618 10.632    0.042 0.041 0.038 0.043 0.047  A 235137
   4331.63801 10.584 10.582 10.576 10.582 10.578    0.041 0.032 0.027 0.030 0.033  A 235494
   4333.60238 10.575 10.585 10.566 10.558 10.547    0.031 0.031 0.027 0.030 0.035  A 235843
   4340.61386 10.650 10.615 10.607 10.601 10.605    0.053 0.041 0.037 0.042 0.049  A 236758
   4342.60798 10.647 10.659 10.657 10.657 10.684    0.060 0.053 0.057 0.068 0.076  B 237087
   4344.60865 10.731 10.778 10.763 10.779 10.779    0.070 0.052 0.042 0.047 0.053  B 237429
   4346.60756 10.779 10.827 10.838 10.850 10.858    0.054 0.043 0.043 0.047 0.050  A 237769
   4348.61080 10.828 10.866 10.857 10.857 10.867    0.043 0.033 0.029 0.032 0.035  A 238124
   4350.61388 10.971 10.969 10.977 10.977 10.968    0.047 0.034 0.033 0.037 0.042  A 238441
   4353.56676 11.087 11.064 11.054 11.046 11.047    0.039 0.035 0.029 0.031 0.036  A 238834
   4355.65262 11.093 11.099 11.103 11.092 11.083    0.041 0.034 0.030 0.033 0.037  A 239178
   4357.67033 11.223 11.187 11.204 11.212 11.211    0.038 0.033 0.028 0.032 0.038  A 239474
   4359.69386 11.222 11.249 11.270 11.299 11.337    0.042 0.039 0.037 0.043 0.050  A 239816
   4362.52435 11.409 11.407 11.421 11.442 11.441    0.032 0.030 0.026 0.031 0.035  A 240136
   4369.57872 11.691 11.742 11.754 11.795 11.810    0.048 0.044 0.042 0.048 0.057  A 241122
   4371.59607 12.058 12.061 11.988 11.953 11.929    0.064 0.045 0.040 0.045 0.050  A 241457
   4373.60917 11.969 11.966 11.937 11.920 11.884    0.057 0.038 0.034 0.038 0.041  A 241755
   4376.59959 12.076 12.123 12.144 12.157 12.171    0.047 0.035 0.031 0.034 0.038  A 242108
   4378.61481 12.184 12.204 12.215 12.200 12.238    0.062 0.043 0.042 0.048 0.054  A 242413
   4380.64948 12.438 12.460 12.523 12.570 12.599    0.059 0.043 0.041 0.046 0.051  A 242723
   4382.65921 12.368 12.356 12.346 12.338 12.304    0.035 0.032 0.028 0.032 0.036  A 243031
   4385.54766 12.576 12.561 12.560 12.544 12.501    0.042 0.035 0.028 0.032 0.035  A 243459
   4387.55066 12.641 12.693 12.731 12.718 12.741    0.051 0.039 0.033 0.037 0.041  A 243778
   4389.53750 12.767 12.774 12.778 12.807 12.785    0.044 0.042 0.041 0.046 0.052  A 244072
   4399.54051 13.114 13.234 13.270 13.320 13.331    0.055 0.041 0.042 0.051 0.058  A 244809
   4402.57942 13.419 13.452 13.678 13.862 13.962    0.048 0.037 0.034 0.039 0.045  A 245095
   4406.58798 13.363 13.600 13.869 14.353 14.918    0.060 0.060 0.068 0.083 0.097  D 245415
   4409.52464 13.776 14.008 14.141 14.268 14.157    0.078 0.043 0.041 0.041 0.044  A 245833
   4413.52674 13.628 13.538 13.570 13.591 13.554    0.050 0.038 0.034 0.038 0.043  A 246211
#dataset= 2 ; 2 F2016-16_281
#desig= 201104-1318.9
#cra=   20.184572  20:11:04.5
#cdec= -13.315764 -13:18:56.7
#class= 0
#cmag_0= 12.847
#cmer_0=  0.000
#nskip_0= 0
#cmag_1= 12.844
#cmer_1=  0.000
#nskip_1= 0
#cmag_2= 12.858
#cmer_2=  0.000
#nskip_2= 0
#cmag_3= 12.830
#cmer_3=  0.000
#nskip_3= 0
#cmag_4= 12.774
#cmer_4=  0.000
#nskip_4= 0
#ra=   20.184572  20:11:04.5
#dec= -13.315764 -13:18:56.7
#     HJD      MAG_0  MAG_1  MAG_2  MAG_3  MAG_4    MER_0 MER_1 MER_2 MER_3 MER_4 GRADE FRAME
   1998.88554 12.847 12.845 12.858 12.830 12.775    0.060 0.051 0.043 0.050 0.049  A 14355
   2000.88846 29.999 29.999 29.999 29.999 29.999    0.062 0.053 0.046 0.054 0.050  C 14756
   2009.91726 29.999 29.999 29.999 29.999 29.999    0.085 0.070 0.058 0.064 0.064  D 15493
   2011.87286 29.999 29.999 29.999 29.999 29.999    0.072 0.059 0.050 0.057 0.058  C 15679
   2030.85277 29.999 29.999 29.999 29.999 29.999    0.032 0.024 0.024 0.027 0.030  C 17896
   2033.86666 29.999 29.999 29.999 29.999 29.999    0.042 0.027 0.025 0.029 0.031  C 18547
   2039.80519 29.999 29.999 29.999 29.999 29.999    0.065 0.042 0.035 0.036 0.040  C 19307
   2056.79725 29.999 29.999 29.999 29.999 29.999    0.063 0.033 0.031 0.034 0.038  C 20766
   2057.79146 29.999 29.999 29.999 29.999 29.999    0.040 0.025 0.023 0.026 0.028  C 20990
   2058.79014 29.999 29.999 29.999 29.999 29.999    0.047 0.027 0.023 0.026 0.029  C 21220
   2061.81376 29.999 29.999 29.999 29.999 29.999    0.053 0.029 0.026 0.030 0.034  C 21443
   2064.84091 29.999 29.999 29.999 29.999 29.999    0.057 0.042 0.046 0.057 0.065  C 21633
   2093.65836 29.999 29.999 29.999 29.999 29.999    0.062 0.033 0.030 0.034 0.037  C 24719
   2102.67859 29.999 29.999 29.999 29.999 29.999    0.070 0.056 0.062 0.075 0.086  C 25681
   2104.69402 29.999 29.999 29.999 29.999 29.999    0.049 0.031 0.027 0.030 0.034  C 26032
   2105.68448 29.999 29.999 29.999 29.999 29.999    0.049 0.027 0.024 0.027 0.031  C 26249
   2114.70820 29.999 29.999 29.999 29.999 29.999    0.045 0.031 0.027 0.029 0.031  C 26690
   2117.65312 29.999 29.999 29.999 29.999 29.999    0.049 0.032 0.029 0.032 0.036  C 27311
   2511.66485 29.999 29.999 29.999 29.999 29.999    0.066 0.061 0.056 0.061 0.064  C 17103
   2540.56603 29.999 29.999 29.999 29.999 29.999    0.061 0.048 0.042 0.047 0.046  C 19681
   2543.63711 29.999 29.999 29.999 29.999 29.999    0.035 0.035 0.033 0.038 0.041  C 19894
   2551.54365 29.999 29.999 29.999 29.999 29.999    0.076 0.058 0.050 0.054 0.054  C 20919
   2563.48974 29.999 29.999 29.999 29.999 29.999    0.032 0.033 0.027 0.031 0.034  C 22852
   2564.55152 29.999 29.999 29.999 29.999 29.999    0.035 0.033 0.028 0.031 0.032  C 23056
   2578.54962 29.999 29.999 29.999 29.999 29.999    0.031 0.032 0.024 0.026 0.025  C 24909
   2812.72666 29.999 29.999 29.999 29.999 29.999    0.028 0.024 0.021 0.023 0.024  C 60220
   2831.89522 29.999 29.999 29.999 29.999 29.999    0.027 0.030 0.024 0.028 0.031  C 62838
   2836.73424 29.999 29.999 29.999 29.999 29.999    0.032 0.032 0.032 0.038 0.045  C 63718
   2843.68590 29.999 29.999 29.999 29.999 29.999    0.029 0.031 0.028 0.031 0.034  C 64928
   2851.68918 29.999 29.999 29.999 29.999 29.999    0.022 0.026 0.020 0.024 0.026  C 65461
   2853.81639 29.999 29.999 29.999 29.999 29.999    0.048 0.050 0.050 0.055 0.062  C 65734
   2855.70077 29.999 29.999 29.999 29.999 29.999    0.040 0.043 0.040 0.046 0.050  C 66086
   2858.74252 29.999 29.999 29.999 29.999 29.999    0.026 0.027 0.022 0.024 0.026  C 66364
   2864.73838 29.999 29.999 29.999 29.999 29.999    0.035 0.037 0.031 0.036 0.040  C 67403
   2871.79748 29.999 29.999 29.999 29.999 29.999    0.032 0.032 0.032 0.037 0.040  C 68017
   2874.63084 29.999 29.999 29.999 29.999 29.999    0.024 0.023 0.020 0.022 0.024  C 68365
   2876.61867 29.999 29.999 29.999 29.999 29.999    0.027 0.023 0.020 0.021 0.023  C 68752
   2878.61855 29.999 29.999 29.999 29.999 29.999    0.042 0.044 0.045 0.052 0.058  C 69146
   2880.66235 29.999 29.999 29.999 29.999 29.999    0.055 0.055 0.061 0.071 0.082  C 69383
   2886.57843 29.999 29.999 29.999 29.999 29.999    0.026 0.024 0.020 0.022 0.024  C 70210
   2892.57638 29.999 29.999 29.999 29.999 29.999    0.049 0.037 0.030 0.034 0.038  C 70650
   2893.68364 29.999 29.999 29.999 29.999 29.999    0.039 0.045 0.034 0.038 0.039  C 70898
   2897.65301 29.999 29.999 29.999 29.999 29.999    0.038 0.049 0.030 0.031 0.030  C 71677
   2899.63262 29.999 29.999 29.999 29.999 29.999    0.063 0.064 0.064 0.072 0.079  C 72032
   2904.66415 29.999 29.999 29.999 29.999 29.999    0.058 0.060 0.057 0.066 0.072  C 72868
   2906.66467 29.999 29.999 29.999 29.999 29.999    0.028 0.025 0.023 0.025 0.029  C 73191
   2909.65988 29.999 29.999 29.999 29.999 29.999    0.030 0.029 0.021 0.023 0.026  C 73603
   2911.62043 29.999 29.999 29.999 29.999 29.999    0.030 0.027 0.021 0.022 0.024  C 73907
   2918.51688 29.999 29.999 29.999 29.999 29.999    0.061 0.058 0.055 0.061 0.071  C 74854
   2921.64355 29.999 29.999 29.999 29.999 29.999    0.032 0.031 0.033 0.040 0.048  C 75086
   3098.89791 29.999 29.999 29.999 29.999 29.999    0.028 0.030 0.029 0.034 0.038  C 97061
   3103.88207 29.999 29.999 29.999 29.999 29.999    0.050 0.049 0.050 0.057 0.064  C 97831
   3114.87257 29.999 29.999 29.999 29.999 29.999    0.033 0.031 0.030 0.035 0.040  C 99573
   3118.91716 29.999 29.999 29.999 29.999 29.999    0.029 0.033 0.030 0.034 0.038  C 100019
   3146.80920 29.999 29.999 29.999 29.999 29.999    0.031 0.031 0.033 0.038 0.045  C 103578
   3154.85222 29.999 29.999 29.999 29.999 29.999    0.032 0.026 0.024 0.027 0.030  C 104013
   3158.76819 29.999 29.999 29.999 29.999 29.999    0.040 0.038 0.039 0.046 0.051  C 104448
   3164.83302 29.999 29.999 29.999 29.999 29.999    0.033 0.030 0.025 0.029 0.032  C 105265
   3170.79804 29.999 29.999 29.999 29.999 29.999    0.034 0.035 0.029 0.033 0.037  C 106063
   3177.74620 29.999 29.999 29.999 29.999 29.999    0.039 0.043 0.042 0.048 0.055  C 106933
   3179.82540 29.999 29.999 29.999 29.999 29.999    0.034 0.027 0.025 0.029 0.032  C 107264
   3182.77076 29.999 29.999 29.999 29.999 29.999    0.053 0.055 0.051 0.057 0.066  C 107548
   3185.72008 29.999 29.999 29.999 29.999 29.999    0.036 0.033 0.033 0.039 0.043  C 107959
   3191.76013 29.999 29.999 29.999 29.999 29.999    0.037 0.036 0.036 0.043 0.051  C 108766
   3629.56046 29.999 29.999 29.999 29.999 29.999    0.048 0.035 0.032 0.037 0.043  C 158589
   3631.56065 29.999 29.999 29.999 29.999 29.999    0.048 0.036 0.034 0.039 0.046  C 158928
   3635.62184 29.999 29.999 29.999 29.999 29.999    0.063 0.055 0.059 0.072 0.084  C 159534
   3638.66991 29.999 29.999 29.999 29.999 29.999    0.050 0.038 0.037 0.040 0.044  C 159794
   3647.58159 29.999 29.999 29.999 29.999 29.999    0.027 0.027 0.022 0.025 0.028  C 160885
   3656.49649 29.999 29.999 29.999 29.999 29.999    0.076 0.042 0.040 0.044 0.048  C 162130
   3660.58299 29.999 29.999 29.999 29.999 29.999    0.060 0.041 0.040 0.045 0.054  C 162765
   3662.61275 29.999 29.999 29.999 29.999 29.999    0.073 0.078 0.093 0.114 0.137  D 163057
   3664.61649 29.999 29.999 29.999 29.999 29.999    0.034 0.027 0.030 0.034 0.039  C 163350
   3668.57794 29.999 29.999 29.999 29.999 29.999    0.042 0.029 0.026 0.028 0.031  C 163811
   3676.53968 29.999 29.999 29.999 29.999 29.999    0.075 0.039 0.034 0.036 0.039  C 164942
   3679.51811 29.999 29.999 29.999 29.999 29.999    0.088 0.058 0.056 0.062 0.071  C 165275
   3699.51385 29.999 29.999 29.999 29.999 29.999    0.064 0.043 0.043 0.051 0.060  C 167862
   3702.51999 29.999 29.999 29.999 29.999 29.999    0.031 0.028 0.028 0.032 0.036  C 168265
   3896.83774 29.999 29.999 29.999 29.999 29.999    0.036 0.034 0.033 0.038 0.045  C 194100
   3909.74663 29.999 29.999 29.999 29.999 29.999    0.073 0.039 0.033 0.035 0.038  C 196412
   3913.77659 29.999 29.999 29.999 29.999 29.999    0.083 0.047 0.040 0.042 0.044  C 196982
   4208.92196 29.999 29.999 29.999 29.999 29.999    0.039 0.035 0.037 0.045 0.052  C 222431
   4215.92362 29.999 29.999 29.999 29.999 29.999    0.047 0.047 0.047 0.055 0.065  C 222780
   4273.77578 29.999 29.999 29.999 29.999 29.999    0.045 0.041 0.030 0.034 0.038  C 228542
   4367.54927 29.999 29.999 29.999 29.999 29.999    0.059 0.055 0.059 0.071 0.086  C 240814
   4422.52623 29.999 29.999 29.999 29.999 29.999    0.055 0.041 0.042 0.052 0.060  C 246620
   4426.52593 29.999 29.999 29.999 29.999 29.999    0.046 0.039 0.041 0.049 0.057  C 246910
   4429.52455 29.999 29.999 29.999 29.999 29.999    0.055 0.043 0.040 0.047 0.055  C 247262
   4432.52089 29.999 29.999 29.999 29.999 29.999    0.062 0.041 0.035 0.038 0.042  C 247631
   4436.51762 29.999 29.999 29.999 29.999 29.999    0.069 0.045 0.043 0.047 0.053  C 248118
   4542.90817 29.999 29.999 29.999 29.999 29.999    0.042 0.039 0.041 0.049 0.058  C 260912
#ndata= 1
#dataset= 3 ; 1 F2048-16_282
#desig= 201103-1318.9
#cra=   20.184214  20:11:03.2
#cdec= -13.315624 -13:18:56.2
#class= 0
#cmag_0= 10.377
#cmer_0=  0.000
#nskip_0= 0
#cmag_1= 10.341
#cmer_1=  0.000
#nskip_1= 0
#cmag_2= 10.370
#cmer_2=  0.000
#nskip_2= 0
#cmag_3= 10.401
#cmer_3=  0.000
#nskip_3= 0
#cmag_4= 10.426
#cmer_4=  0.000
#nskip_4= 0
#ra=   20.184214  20:11:03.2
#dec= -13.315624 -13:18:56.2
#     HJD      MAG_2  MAG_0  MAG_1  MAG_3  MAG_4    MER_2 MER_0 MER_1 MER_3 MER_4 GRADE FRAME
   2468.70335 10.370 10.377 10.341 10.401 10.426    0.031 0.039 0.042 0.033 0.034  A 11741
#ndata= 80
#dataset= 4 ; 1 F2016-08_326
#desig= 201103-1319.0
#cra=   20.184174  20:11:03.0
#cdec= -13.316501 -13:18:59.4
#class= 0
#cmag_0= 11.111
#cmer_0=  0.109
#nskip_0= 38
#cmag_1= 11.125
#cmer_1=  0.107
#nskip_1= 38
#cmag_2= 11.121
#cmer_2=  0.109
#nskip_2= 38
#cmag_3= 11.114
#cmer_3=  0.107
#nskip_3= 38
#cmag_4= 11.107
#cmer_4=  0.108
#nskip_4= 38
#ra=   20.184174  20:11:03.0
#dec= -13.316501 -13:18:59.4
#     HJD      MAG_1  MAG_0  MAG_2  MAG_3  MAG_4    MER_1 MER_0 MER_2 MER_3 MER_4 GRADE FRAME
   2040.77202 14.153 14.226 14.252 14.457 14.375    0.036 0.069 0.034 0.039 0.043  A 19518
   2167.54190 12.330 12.303 12.344 12.368 12.445    0.032 0.051 0.028 0.031 0.035  A 32057
   2183.49779 11.228 11.198 11.234 11.238 11.235    0.039 0.053 0.034 0.035 0.039  A 33827
   2185.54553 11.128 11.110 11.142 11.146 11.145    0.035 0.050 0.031 0.035 0.039  A 34226
   2190.54494 10.998 11.005 10.994 10.994 10.990    0.037 0.051 0.031 0.032 0.035  A 34899
   2192.55333 11.002 10.979 11.008 11.015 11.021    0.031 0.045 0.026 0.029 0.033  A 35252
   2194.54778 10.997 10.991 10.986 10.974 10.974    0.033 0.049 0.028 0.030 0.033  A 35611
   2197.50545 11.057 11.139 11.046 11.049 11.051    0.036 0.056 0.032 0.033 0.036  A 36086
   2199.55644 11.028 10.963 11.032 11.024 11.019    0.033 0.040 0.026 0.028 0.031  A 36461
   2202.56212 11.063 11.086 11.059 11.065 11.072    0.038 0.053 0.033 0.036 0.039  A 36879
   2212.55921 11.163 11.182 11.179 11.179 11.163    0.037 0.053 0.032 0.035 0.039  A 37886
   2216.50613 11.333 11.354 11.329 11.326 11.324    0.037 0.051 0.031 0.033 0.036  A 38517
   2226.52368 11.607 11.624 11.619 11.638 11.618    0.042 0.054 0.034 0.034 0.036  A 39616
   3453.89622 13.827 13.755 13.804 13.699 13.556    0.040 0.073 0.043 0.050 0.057  A 135741
   3473.88054 13.115 13.127 13.159 13.228 13.238    0.028 0.035 0.025 0.028 0.031  A 138961
   3477.87068 13.104 13.015 13.154 13.177 13.175    0.033 0.062 0.033 0.038 0.042  A 139625
   3483.90957 12.874 12.765 13.079 13.187 13.066    0.039 0.046 0.044 0.055 0.065  B 140586
   3496.91924 12.009 12.010 12.019 12.002 11.971    0.042 0.051 0.041 0.047 0.055  A 141852
   3500.90625 11.801 11.713 11.808 11.815 11.815    0.040 0.072 0.035 0.038 0.041  A 142362
   3503.89872 11.543 11.572 11.503 11.496 11.487    0.068 0.079 0.080 0.101 0.124  D 142889
   3508.88706 11.350 11.330 11.341 11.336 11.336    0.029 0.033 0.024 0.026 0.030  A 143323
   3511.83792 11.205 11.117 11.200 11.175 11.159    0.026 0.036 0.026 0.029 0.033  A 143739
   3515.82976 11.066 10.995 11.037 11.002 10.968    0.033 0.042 0.036 0.043 0.049  A 144112
   3528.78736 29.999 29.999 29.999 29.999 29.999    0.030 0.040 0.030 0.032 0.036  C 146060
   3538.80184 10.660 10.645 10.631 10.610 10.606    0.032 0.052 0.028 0.031 0.034  A 146898
   3540.81033 10.604 10.601 10.595 10.618 10.612    0.032 0.042 0.031 0.035 0.041  A 147221
   3543.74791 29.999 29.999 29.999 29.999 29.999    0.033 0.039 0.035 0.042 0.048  C 147590
   3550.82241 29.999 29.999 29.999 29.999 29.999    0.032 0.042 0.032 0.038 0.044  C 148273
   3806.90193 11.068 11.106 11.064 11.059 11.032    0.034 0.042 0.036 0.044 0.052  A 181559
   3822.89604 11.842 11.844 11.833 11.838 11.846    0.038 0.067 0.035 0.040 0.044  A 183989
   3826.89663 12.024 12.035 12.044 12.093 12.180    0.033 0.038 0.035 0.042 0.050  A 184660
   3830.88445 12.335 12.308 12.409 12.536 12.591    0.031 0.038 0.035 0.041 0.048  A 185328
   3834.88459 12.523 12.501 12.563 12.559 12.510    0.030 0.036 0.034 0.040 0.045  A 186029
   3849.87516 13.237 13.206 13.212 13.147 13.103    0.028 0.042 0.028 0.033 0.037  A 187177
   3852.91021 29.999 29.999 29.999 29.999 29.999    0.037 0.040 0.039 0.047 0.055  C 187699
   3856.86501 13.689 13.515 13.877 14.078 14.207    0.052 0.058 0.056 0.067 0.077  B 188311
   3859.87428 13.491 13.522 13.374 13.215 13.253    0.038 0.046 0.040 0.045 0.050  A 188748
   3867.87975 29.999 29.999 29.999 29.999 29.999    0.041 0.074 0.039 0.043 0.045  C 190104
   3869.86205 14.157 14.053 14.271 14.288 14.319    0.033 0.040 0.036 0.045 0.053  A 190445
   3871.86133 14.158 13.957 14.367 14.418 14.326    0.032 0.038 0.033 0.041 0.049  A 190816
   3882.82707 29.999 29.999 29.999 29.999 29.999    0.035 0.063 0.033 0.037 0.040  C 192156
   3886.86030 29.999 29.999 29.999 29.999 29.999    0.030 0.041 0.029 0.033 0.038  C 192546
   3889.80232 29.999 29.999 29.999 29.999 29.999    0.030 0.034 0.028 0.032 0.036  C 193042
   3891.83881 29.999 29.999 29.999 29.999 29.999    0.036 0.065 0.031 0.034 0.038  C 193421
   3893.84879 29.999 29.999 29.999 29.999 29.999    0.028 0.034 0.026 0.029 0.034  C 193780
   3902.81465 29.999 29.999 29.999 29.999 29.999    0.029 0.039 0.029 0.034 0.039  C 195092
   3904.83796 29.999 29.999 29.999 29.999 29.999    0.034 0.056 0.032 0.035 0.039  C 195480
   3906.89225 29.999 29.999 29.999 29.999 29.999    0.041 0.077 0.035 0.039 0.042  C 195877
   4181.90390 29.999 29.999 29.999 29.999 29.999    0.051 0.055 0.055 0.067 0.078  C 219204
   4185.90620 29.999 29.999 29.999 29.999 29.999    0.038 0.051 0.040 0.048 0.057  C 219783
   4190.90808 29.999 29.999 29.999 29.999 29.999    0.036 0.040 0.035 0.039 0.044  C 220328
   4194.87881 29.999 29.999 29.999 29.999 29.999    0.034 0.039 0.033 0.039 0.044  C 220960
   4204.88374 29.999 29.999 29.999 29.999 29.999    0.037 0.045 0.036 0.039 0.044  C 222035
   4216.89841 29.999 29.999 29.999 29.999 29.999    0.036 0.044 0.032 0.034 0.038  C 222959
   4230.91343 29.999 29.999 29.999 29.999 29.999    0.034 0.043 0.030 0.034 0.040  C 223782
   4233.85956 29.999 29.999 29.999 29.999 29.999    0.068 0.063 0.080 0.092 0.099  D 224294
   4245.85233 29.999 29.999 29.999 29.999 29.999    0.060 0.066 0.068 0.084 0.103  D 226111
   4247.82132 29.999 29.999 29.999 29.999 29.999    0.031 0.038 0.028 0.033 0.039  C 226467
   4253.81715 29.999 29.999 29.999 29.999 29.999    0.036 0.042 0.033 0.039 0.044  C 226909
   4273.77316 13.503 13.555 13.524 13.602 13.755    0.033 0.035 0.029 0.032 0.035  A 228541
   4278.75919 13.286 13.290 13.297 13.309 13.227    0.028 0.033 0.027 0.031 0.035  A 229192
   4285.76790 12.999 13.006 13.098 13.237 13.366    0.056 0.061 0.058 0.065 0.071  B 230025
   4289.76111 12.919 12.857 12.905 12.890 12.860    0.040 0.041 0.031 0.034 0.038  A 230379
   4291.76244 12.847 12.846 12.929 13.006 13.048    0.034 0.038 0.028 0.032 0.035  A 230729
   4293.74523 12.699 12.626 12.716 12.724 12.754    0.042 0.046 0.039 0.043 0.046  A 231091
   4295.75444 12.535 12.424 12.565 12.601 12.502    0.043 0.056 0.043 0.052 0.060  B 231434
   4297.75500 12.459 12.398 12.460 12.378 12.368    0.052 0.051 0.061 0.075 0.090  D 231785
   4299.73743 12.331 12.306 12.312 12.314 12.320    0.038 0.058 0.038 0.043 0.047  A 232151
   4303.70394 11.927 11.942 11.951 11.978 11.990    0.041 0.052 0.035 0.037 0.039  A 232788
   4305.69123 29.999 29.999 29.999 29.999 29.999    0.036 0.042 0.029 0.032 0.037  C 233151
   4315.69151 11.037 11.031 10.999 11.014 11.024    0.035 0.042 0.029 0.033 0.037  A 234586
   4336.59345 10.600 10.560 10.579 10.582 10.569    0.038 0.041 0.035 0.040 0.045  A 236193
   4359.69062 11.173 11.159 11.158 11.128 11.103    0.036 0.040 0.035 0.042 0.049  A 239815
   4382.66185 12.465 12.401 12.482 12.491 12.489    0.032 0.038 0.028 0.032 0.036  A 243032
   4552.89518 13.204 13.192 13.251 13.301 13.334    0.031 0.039 0.029 0.033 0.038  A 262334
   4559.89004 13.127 13.077 13.137 13.184 13.205    0.032 0.038 0.031 0.036 0.041  A 263439
   4563.88207 12.810 12.799 12.791 12.775 12.759    0.037 0.050 0.036 0.041 0.046  A 264105
   4567.87872 12.572 12.599 12.537 12.534 12.547    0.033 0.042 0.032 0.035 0.040  A 264772
   4571.87486 12.214 12.231 12.233 12.280 12.281    0.037 0.046 0.031 0.035 0.040  A 265414
   4574.88640 11.811 11.818 11.793 11.779 11.765    0.031 0.037 0.030 0.034 0.039  A 265920
